Position (mm) Run #1	Light Intensity (%) Run #1
0.00	0.6
0.00	0.6
0.00	0.6
0.00	0.6
0.00	0.6
0.00	0.6
0.00	0.6
0.00	0.6
0.00	0.6
0.00	0.6
0.00	0.6
0.00	0.6
0.00	0.6
0.00	0.6
0.00	0.6
0.00	0.6
0.00	0.6
0.00	0.6
0.00	0.6
0.00	0.6
0.00	0.6
0.00	0.6
0.00	0.6
0.00	0.6
0.00	0.6
0.00	0.6
0.00	0.6
0.00	0.6
0.00	0.6
0.00	0.6
0.00	0.6
0.00	0.6
0.00	0.6
0.00	0.6
0.00	0.6
0.00	0.6
0.00	0.6
0.00	0.6
0.00	0.6
0.00	0.6
0.00	0.6
0.00	0.6
0.00	0.5
0.00	0.6
0.00	0.6
0.00	0.6
0.00	0.6
0.00	0.6
0.00	0.6
0.00	0.6
0.00	0.6
0.00	0.6
0.00	0.6
0.00	0.6
0.00	0.6
0.00	0.6
0.00	0.6
0.00	0.6
0.00	0.6
0.00	0.6
0.00	0.6
0.00	0.6
0.00	0.6
0.00	0.6
0.00	0.6
0.00	0.6
0.00	0.6
0.00	0.6
0.00	0.6
0.00	0.6
0.00	0.6
0.00	0.6
0.00	0.6
0.00	0.6
0.00	0.6
0.00	0.6
-0.01	0.5
-0.04	0.5
-0.05	0.5
-0.05	0.5
-0.05	0.5
-0.05	0.5
-0.05	0.5
-0.05	0.6
-0.05	0.6
-0.05	0.6
-0.05	0.6
-0.05	0.6
-0.04	0.5
-0.04	0.6
-0.04	0.6
-0.04	0.6
-0.04	0.6
-0.04	0.6
-0.04	0.6
-0.04	0.6
-0.04	0.6
-0.04	0.6
-0.04	0.5
-0.04	0.6
-0.04	0.6
-0.04	0.6
-0.04	0.6
-0.04	0.6
-0.04	0.6
-0.04	0.5
-0.04	0.6
-0.03	0.5
-0.03	0.5
-0.03	0.6
-0.03	0.6
-0.03	0.6
-0.03	0.6
-0.03	0.6
-0.03	0.6
-0.04	0.5
-0.07	0.6
-0.10	0.6
-0.15	0.5
-0.21	0.6
-0.28	0.5
-0.37	0.5
-0.46	0.5
-0.58	0.5
-0.72	0.5
-0.86	0.5
-1.00	0.5
-1.13	0.5
-1.26	0.5
-1.35	0.6
-1.43	0.6
-1.49	0.6
-1.53	0.6
-1.56	0.6
-1.60	0.6
-1.65	0.6
-1.70	0.6
-1.77	0.6
-1.85	0.5
-1.94	0.5
-2.03	0.5
-2.14	0.5
-2.23	0.5
-2.31	0.5
-2.39	0.5
-2.46	0.5
-2.54	0.6
-2.63	0.6
-2.72	0.6
-2.82	0.6
-2.92	0.6
-3.01	0.6
-3.07	0.6
-3.13	0.6
-3.16	0.6
-3.19	0.6
-3.22	0.5
-3.25	0.5
-3.28	0.5
-3.31	0.5
-3.34	0.5
-3.37	0.5
-3.40	0.5
-3.43	0.5
-3.46	0.5
-3.49	0.5
-3.53	0.5
-3.56	0.5
-3.60	0.5
-3.64	0.5
-3.67	0.5
-3.70	0.5
-3.73	0.5
-3.77	0.5
-3.80	0.6
-3.83	0.6
-3.86	0.6
-3.89	0.6
-3.92	0.6
-3.95	0.6
-3.97	0.6
-3.99	0.6
-4.01	0.6
-4.03	0.6
-4.06	0.6
-4.09	0.6
-4.12	0.6
-4.15	0.6
-4.19	0.6
-4.23	0.6
-4.26	0.6
-4.29	0.6
-4.32	0.6
-4.35	0.6
-4.38	0.6
-4.42	0.6
-4.45	0.6
-4.49	0.6
-4.53	0.6
-4.55	0.6
-4.58	0.5
-4.59	0.5
-4.62	0.5
-4.64	0.5
-4.66	0.5
-4.69	0.5
-4.72	0.5
-4.77	0.5
-4.81	0.5
-4.85	0.5
-4.90	0.5
-4.96	0.5
-5.02	0.5
-5.08	0.6
-5.15	0.6
-5.20	0.6
-5.27	0.6
-5.33	0.6
-5.38	0.6
-5.44	0.6
-5.50	0.6
-5.56	0.6
-5.63	0.6
-5.69	0.6
-5.75	0.6
-5.82	0.6
-5.88	0.6
-5.95	0.5
-6.01	0.5
-6.08	0.5
-6.14	0.5
-6.21	0.5
-6.28	0.5
-6.34	0.5
-6.41	0.6
-6.46	0.6
-6.52	0.6
-6.56	0.6
-6.60	0.6
-6.65	0.6
-6.69	0.6
-6.73	0.6
-6.78	0.6
-6.83	0.6
-6.88	0.6
-6.92	0.6
-6.96	0.6
-7.00	0.6
-7.05	0.6
-7.09	0.6
-7.14	0.5
-7.19	0.5
-7.24	0.5
-7.28	0.5
-7.32	0.5
-7.36	0.5
-7.40	0.5
-7.44	0.5
-7.49	0.5
-7.54	0.5
-7.58	0.6
-7.63	0.6
-7.67	0.6
-7.73	0.6
-7.79	0.6
-7.84	0.6
-7.89	0.6
-7.96	0.6
-8.02	0.6
-8.08	0.6
-8.13	0.6
-8.19	0.6
-8.25	0.6
-8.30	0.6
-8.35	0.5
-8.40	0.5
-8.45	0.5
-8.51	0.5
-8.56	0.5
-8.61	0.5
-8.66	0.5
-8.72	0.5
-8.78	0.5
-8.84	0.5
-8.90	0.6
-8.96	0.6
-9.03	0.6
-9.09	0.6
-9.16	0.6
-9.23	0.6
-9.31	0.6
-9.38	0.6
-9.45	0.6
-9.53	0.6
-9.60	0.5
-9.67	0.5
-9.74	0.5
-9.81	0.5
-9.87	0.5
-9.93	0.5
-9.99	0.5
-10.04	0.5
-10.10	0.6
-10.15	0.5
-10.20	0.5
-10.26	0.5
-10.32	0.6
-10.38	0.6
-10.44	0.6
-10.50	0.6
-10.55	0.6
-10.62	0.6
-10.68	0.6
-10.75	0.6
-10.82	0.6
-10.90	0.5
-10.97	0.5
-11.04	0.5
-11.10	0.5
-11.15	0.5
-11.20	0.5
-11.25	0.5
-11.29	0.5
-11.33	0.5
-11.38	0.5
-11.43	0.5
-11.49	0.5
-11.54	0.5
-11.60	0.5
-11.65	0.5
-11.71	0.5
-11.77	0.5
-11.83	0.5
-11.88	0.5
-11.93	0.5
-11.98	0.5
-12.03	0.5
-12.07	0.5
-12.12	0.5
-12.17	0.5
-12.21	0.5
-12.26	0.5
-12.32	0.5
-12.37	0.5
-12.43	0.5
-12.48	0.5
-12.53	0.5
-12.57	0.5
-12.61	0.5
-12.65	0.5
-12.68	0.5
-12.71	0.5
-12.74	0.5
-12.77	0.5
-12.80	0.5
-12.83	0.5
-12.86	0.5
-12.89	0.5
-12.93	0.5
-12.98	0.5
-13.02	0.5
-13.07	0.5
-13.12	0.5
-13.17	0.5
-13.22	0.5
-13.27	0.5
-13.33	0.5
-13.39	0.5
-13.45	0.5
-13.51	0.5
-13.57	0.5
-13.63	0.5
-13.69	0.5
-13.76	0.5
-13.83	0.5
-13.89	0.5
-13.96	0.5
-14.02	0.5
-14.09	0.5
-14.15	0.5
-14.20	0.5
-14.25	0.5
-14.31	0.5
-14.35	0.5
-14.40	0.5
-14.45	0.5
-14.49	0.5
-14.53	0.5
-14.57	0.5
-14.61	0.5
-14.64	0.5
-14.67	0.5
-14.71	0.5
-14.73	0.5
-14.76	0.5
-14.78	0.5
-14.81	0.5
-14.83	0.5
-14.84	0.5
-14.86	0.5
-14.88	0.5
-14.90	0.5
-14.92	0.5
-14.95	0.5
-14.97	0.5
-15.01	0.5
-15.03	0.5
-15.07	0.5
-15.10	0.5
-15.13	0.5
-15.16	0.5
-15.19	0.5
-15.22	0.5
-15.26	0.5
-15.30	0.5
-15.34	0.5
-15.39	0.5
-15.43	0.5
-15.46	0.5
-15.49	0.5
-15.52	0.5
-15.54	0.5
-15.56	0.5
-15.58	0.5
-15.61	0.5
-15.64	0.5
-15.67	0.5
-15.71	0.5
-15.74	0.5
-15.77	0.5
-15.80	0.5
-15.83	0.5
-15.86	0.5
-15.89	0.5
-15.92	0.5
-15.95	0.5
-15.99	0.5
-16.02	0.5
-16.06	0.5
-16.10	0.6
-16.14	0.5
-16.18	0.5
-16.23	0.5
-16.27	0.5
-16.31	0.5
-16.34	0.5
-16.38	0.5
-16.41	0.5
-16.45	0.5
-16.48	0.5
-16.52	0.5
-16.55	0.5
-16.58	0.5
-16.62	0.5
-16.66	0.5
-16.70	0.5
-16.75	0.5
-16.80	0.5
-16.85	0.5
-16.90	0.6
-16.95	0.6
-17.00	0.6
-17.05	0.6
-17.09	0.6
-17.13	0.6
-17.18	0.6
-17.23	0.6
-17.27	0.6
-17.31	0.6
-17.35	0.6
-17.40	0.6
-17.44	0.6
-17.49	0.5
-17.53	0.5
-17.58	0.5
-17.62	0.5
-17.67	0.5
-17.71	0.5
-17.75	0.5
-17.78	0.5
-17.82	0.5
-17.85	0.5
-17.89	0.5
-17.93	0.5
-17.96	0.5
-18.00	0.5
-18.03	0.6
-18.07	0.6
-18.11	0.6
-18.16	0.6
-18.22	0.6
-18.27	0.6
-18.32	0.6
-18.37	0.6
-18.43	0.6
-18.48	0.6
-18.54	0.6
-18.59	0.6
-18.63	0.6
-18.69	0.6
-18.74	0.6
-18.79	0.5
-18.85	0.5
-18.90	0.5
-18.96	0.5
-19.02	0.5
-19.08	0.5
-19.14	0.5
-19.20	0.5
-19.26	0.6
-19.32	0.6
-19.37	0.6
-19.42	0.6
-19.47	0.7
-19.53	0.7
-19.59	0.7
-19.64	0.7
-19.69	0.7
-19.74	0.7
-19.79	0.7
-19.84	0.7
-19.89	0.7
-19.95	0.6
-20.00	0.6
-20.05	0.6
-20.10	0.6
-20.15	0.5
-20.21	0.5
-20.27	0.5
-20.35	0.5
-20.41	0.5
-20.48	0.5
-20.55	0.6
-20.61	0.6
-20.67	0.6
-20.73	0.7
-20.78	0.7
-20.83	0.7
-20.88	0.7
-20.93	0.8
-20.98	0.8
-21.03	0.8
-21.08	0.7
-21.12	0.7
-21.15	0.7
-21.19	0.7
-21.22	0.7
-21.25	0.7
-21.29	0.7
-21.32	0.6
-21.35	0.6
-21.39	0.6
-21.42	0.6
-21.46	0.6
-21.49	0.5
-21.53	0.5
-21.56	0.5
-21.59	0.5
-21.63	0.5
-21.66	0.5
-21.69	0.5
-21.71	0.5
-21.74	0.5
-21.77	0.5
-21.81	0.6
-21.84	0.6
-21.88	0.6
-21.91	0.6
-21.94	0.6
-21.97	0.6
-21.99	0.7
-22.02	0.7
-22.04	0.7
-22.07	0.7
-22.10	0.7
-22.14	0.7
-22.17	0.7
-22.21	0.8
-22.24	0.8
-22.28	0.8
-22.31	0.8
-22.35	0.8
-22.38	0.8
-22.41	0.8
-22.45	0.8
-22.48	0.8
-22.51	0.8
-22.55	0.7
-22.59	0.7
-22.63	0.7
-22.66	0.7
-22.70	0.7
-22.74	0.6
-22.77	0.6
-22.81	0.6
-22.83	0.6
-22.86	0.6
-22.88	0.6
-22.91	0.6
-22.93	0.5
-22.95	0.5
-22.97	0.5
-23.00	0.5
-23.03	0.5
-23.05	0.5
-23.07	0.5
-23.09	0.5
-23.12	0.5
-23.14	0.5
-23.17	0.5
-23.20	0.5
-23.23	0.6
-23.26	0.6
-23.30	0.6
-23.33	0.6
-23.37	0.6
-23.40	0.7
-23.43	0.7
-23.47	0.7
-23.50	0.7
-23.53	0.7
-23.57	0.8
-23.60	0.8
-23.63	0.8
-23.66	0.8
-23.69	0.8
-23.71	0.8
-23.74	0.8
-23.76	0.8
-23.79	0.8
-23.81	0.8
-23.83	0.8
-23.85	0.8
-23.88	0.8
-23.91	0.8
-23.93	0.8
-23.97	0.7
-24.00	0.7
-24.03	0.7
-24.06	0.7
-24.10	0.6
-24.13	0.6
-24.17	0.6
-24.20	0.6
-24.23	0.6
-24.26	0.5
-24.29	0.5
-24.31	0.5
-24.33	0.5
-24.35	0.5
-24.37	0.5
-24.39	0.5
-24.41	0.5
-24.43	0.5
-24.45	0.5
-24.46	0.5
-24.47	0.5
-24.49	0.5
-24.49	0.5
-24.50	0.5
-24.52	0.6
-24.53	0.6
-24.54	0.6
-24.56	0.6
-24.58	0.6
-24.61	0.6
-24.63	0.6
-24.65	0.6
-24.68	0.6
-24.70	0.7
-24.71	0.7
-24.73	0.7
-24.75	0.7
-24.77	0.7
-24.79	0.7
-24.82	0.7
-24.84	0.7
-24.86	0.7
-24.89	0.8
-24.91	0.8
-24.93	0.8
-24.96	0.8
-24.98	0.8
-25.01	0.8
-25.04	0.8
-25.07	0.8
-25.09	0.8
-25.12	0.8
-25.18	0.8
-25.27	0.8
-25.37	0.7
-25.45	0.7
-25.51	0.6
-25.56	0.5
-25.61	0.5
-25.65	0.5
-25.67	0.5
-25.70	0.5
-25.72	0.5
-25.74	0.5
-25.76	0.5
-25.78	0.5
-25.79	0.5
-25.81	0.5
-25.83	0.6
-25.84	0.6
-25.86	0.6
-25.87	0.6
-25.87	0.6
-25.88	0.6
-25.88	0.6
-25.89	0.6
-25.90	0.6
-25.91	0.6
-25.94	0.6
-25.97	0.6
-26.00	0.6
-26.04	0.7
-26.08	0.7
-26.12	0.7
-26.15	0.7
-26.19	0.8
-26.22	0.8
-26.25	0.8
-26.27	0.8
-26.30	0.7
-26.32	0.7
-26.35	0.7
-26.37	0.7
-26.40	0.7
-26.43	0.7
-26.47	0.7
-26.51	0.7
-26.55	0.6
-26.59	0.6
-26.62	0.6
-26.65	0.6
-26.68	0.6
-26.70	0.6
-26.72	0.5
-26.74	0.5
-26.76	0.5
-26.78	0.5
-26.80	0.5
-26.83	0.5
-26.86	0.5
-26.88	0.5
-26.91	0.5
-26.94	0.5
-26.96	0.5
-26.98	0.5
-27.01	0.5
-27.03	0.5
-27.06	0.6
-27.09	0.6
-27.12	0.6
-27.15	0.6
-27.17	0.6
-27.19	0.6
-27.22	0.6
-27.24	0.6
-27.26	0.6
-27.28	0.6
-27.31	0.7
-27.33	0.7
-27.36	0.7
-27.38	0.7
-27.41	0.7
-27.43	0.7
-27.46	0.7
-27.48	0.7
-27.51	0.7
-27.53	0.7
-27.55	0.7
-27.58	0.7
-27.61	0.7
-27.64	0.7
-27.67	0.7
-27.70	0.6
-27.73	0.6
-27.76	0.6
-27.79	0.6
-27.82	0.6
-27.85	0.6
-27.87	0.6
-27.90	0.6
-27.93	0.6
-27.95	0.5
-27.98	0.5
-28.01	0.5
-28.04	0.5
-28.07	0.5
-28.10	0.5
-28.13	0.5
-28.15	0.5
-28.18	0.5
-28.21	0.5
-28.23	0.5
-28.25	0.5
-28.27	0.5
-28.30	0.5
-28.33	0.5
-28.36	0.5
-28.40	0.6
-28.44	0.6
-28.47	0.6
-28.52	0.6
-28.56	0.6
-28.60	0.6
-28.65	0.6
-28.69	0.6
-28.74	0.6
-28.79	0.6
-28.83	0.6
-28.88	0.6
-28.92	0.6
-28.97	0.6
-29.01	0.6
-29.06	0.6
-29.11	0.6
-29.15	0.5
-29.20	0.5
-29.25	0.5
-29.30	0.5
-29.34	0.5
-29.39	0.5
-29.43	0.5
-29.48	0.5
-29.52	0.5
-29.57	0.5
-29.62	0.5
-29.66	0.5
-29.71	0.5
-29.75	0.5
-29.80	0.5
-29.84	0.5
-29.89	0.5
-29.94	0.6
-29.99	0.5
-30.05	0.6
-30.10	0.5
-30.15	0.5
-30.20	0.5
-30.24	0.5
-30.29	0.5
-30.34	0.5
-30.39	0.5
-30.46	0.5
-30.52	0.5
-30.58	0.5
-30.65	0.5
-30.72	0.5
-30.79	0.5
-30.86	0.5
-30.92	0.5
-30.98	0.5
-31.04	0.5
-31.10	0.5
-31.16	0.5
-31.23	0.5
-31.29	0.5
-31.34	0.5
-31.40	0.5
-31.44	0.5
-31.49	0.5
-31.53	0.5
-31.57	0.5
-31.61	0.5
-31.65	0.5
-31.69	0.5
-31.73	0.5
-31.77	0.5
-31.82	0.5
-31.87	0.5
-31.91	0.5
-31.96	0.5
-32.01	0.5
-32.05	0.5
-32.08	0.5
-32.12	0.5
-32.15	0.5
-32.19	0.5
-32.22	0.5
-32.26	0.5
-32.29	0.5
-32.33	0.5
-32.35	0.5
-32.38	0.5
-32.41	0.5
-32.43	0.5
-32.45	0.5
-32.47	0.5
-32.50	0.5
-32.53	0.5
-32.57	0.5
-32.62	0.5
-32.66	0.5
-32.71	0.5
-32.76	0.5
-32.79	0.5
-32.83	0.5
-32.87	0.5
-32.90	0.5
-32.93	0.5
-32.95	0.5
-32.97	0.5
-33.00	0.5
-33.02	0.5
-33.05	0.5
-33.08	0.5
-33.11	0.5
-33.14	0.5
-33.17	0.5
-33.20	0.5
-33.23	0.5
-33.26	0.5
-33.29	0.5
-33.32	0.5
-33.35	0.5
-33.38	0.5
-33.40	0.5
-33.42	0.5
-33.46	0.5
-33.49	0.5
-33.52	0.5
-33.55	0.5
-33.59	0.5
-33.63	0.5
-33.68	0.5
-33.72	0.5
-33.77	0.5
-33.82	0.5
-33.87	0.5
-33.92	0.5
-33.97	0.6
-34.01	0.6
-34.06	0.6
-34.10	0.6
-34.14	0.6
-34.18	0.6
-34.22	0.6
-34.25	0.6
-34.28	0.6
-34.32	0.6
-34.34	0.6
-34.37	0.6
-34.40	0.6
-34.43	0.6
-34.46	0.6
-34.49	0.6
-34.53	0.6
-34.57	0.6
-34.61	0.6
-34.65	0.5
-34.69	0.5
-34.73	0.5
-34.77	0.5
-34.81	0.5
-34.85	0.5
-34.88	0.5
-34.92	0.5
-34.95	0.5
-34.98	0.5
-35.02	0.5
-35.06	0.6
-35.10	0.6
-35.14	0.6
-35.18	0.6
-35.22	0.6
-35.27	0.7
-35.31	0.7
-35.36	0.7
-35.40	0.7
-35.44	0.7
-35.48	0.7
-35.52	0.7
-35.56	0.7
-35.59	0.7
-35.62	0.7
-35.66	0.7
-35.69	0.7
-35.72	0.7
-35.75	0.7
-35.78	0.7
-35.81	0.6
-35.84	0.6
-35.88	0.6
-35.91	0.6
-35.94	0.6
-35.97	0.5
-35.99	0.5
-36.02	0.5
-36.05	0.5
-36.08	0.5
-36.11	0.5
-36.14	0.5
-36.17	0.5
-36.20	0.5
-36.23	0.6
-36.26	0.6
-36.28	0.6
-36.31	0.6
-36.34	0.7
-36.37	0.7
-36.40	0.7
-36.44	0.7
-36.47	0.8
-36.51	0.8
-36.54	0.8
-36.58	0.9
-36.61	0.9
-36.64	0.9
-36.67	0.9
-36.69	0.9
-36.72	0.9
-36.75	0.9
-36.77	0.9
-36.80	0.9
-36.83	0.9
-36.85	0.9
-36.88	0.9
-36.91	0.8
-36.94	0.8
-36.97	0.8
-37.00	0.7
-37.03	0.7
-37.07	0.7
-37.10	0.6
-37.14	0.6
-37.17	0.6
-37.20	0.6
-37.24	0.5
-37.27	0.5
-37.31	0.5
-37.35	0.5
-37.38	0.5
-37.42	0.6
-37.46	0.6
-37.50	0.6
-37.54	0.7
-37.57	0.7
-37.61	0.8
-37.65	0.8
-37.69	0.9
-37.72	0.9
-37.76	1.0
-37.79	1.0
-37.82	1.0
-37.85	1.1
-37.88	1.1
-37.91	1.1
-37.93	1.1
-37.96	1.1
-37.98	1.1
-38.01	1.1
-38.04	1.1
-38.07	1.1
-38.10	1.0
-38.13	1.0
-38.16	1.0
-38.19	0.9
-38.23	0.9
-38.26	0.8
-38.30	0.8
-38.34	0.7
-38.38	0.7
-38.42	0.6
-38.46	0.6
-38.50	0.6
-38.53	0.5
-38.57	0.5
-38.61	0.5
-38.64	0.5
-38.67	0.6
-38.71	0.6
-38.74	0.6
-38.77	0.7
-38.81	0.7
-38.85	0.8
-38.89	0.8
-38.92	0.9
-38.96	1.0
-39.00	1.1
-39.03	1.1
-39.06	1.2
-39.10	1.2
-39.13	1.2
-39.16	1.2
-39.19	1.3
-39.21	1.3
-39.24	1.3
-39.27	1.3
-39.29	1.3
-39.32	1.2
-39.34	1.2
-39.37	1.2
-39.39	1.2
-39.41	1.1
-39.42	1.1
-39.44	1.1
-39.45	1.1
-39.47	1.0
-39.49	1.0
-39.51	1.0
-39.54	1.0
-39.57	0.9
-39.60	0.9
-39.63	0.8
-39.67	0.7
-39.70	0.7
-39.74	0.6
-39.78	0.6
-39.82	0.6
-39.86	0.5
-39.89	0.5
-39.93	0.5
-39.97	0.6
-40.01	0.6
-40.05	0.6
-40.10	0.7
-40.14	0.8
-40.18	0.9
-40.22	1.0
-40.26	1.1
-40.30	1.2
-40.34	1.2
-40.38	1.3
-40.42	1.3
-40.46	1.4
-40.50	1.4
-40.55	1.4
-40.60	1.4
-40.65	1.4
-40.70	1.3
-40.74	1.3
-40.77	1.2
-40.80	1.1
-40.84	1.0
-40.87	1.0
-40.92	0.9
-40.97	0.8
-41.02	0.7
-41.08	0.7
-41.13	0.6
-41.18	0.5
-41.22	0.5
-41.25	0.5
-41.28	0.5
-41.31	0.6
-41.36	0.6
-41.42	0.7
-41.48	0.7
-41.54	0.9
-41.60	1.0
-41.65	1.2
-41.70	1.3
-41.74	1.4
-41.79	1.4
-41.83	1.5
-41.88	1.5
-41.93	1.4
-41.97	1.4
-42.02	1.4
-42.06	1.3
-42.10	1.3
-42.13	1.2
-42.17	1.1
-42.20	1.1
-42.22	1.0
-42.24	0.9
-42.27	0.9
-42.29	0.9
-42.32	0.8
-42.35	0.8
-42.39	0.7
-42.43	0.7
-42.47	0.6
-42.51	0.6
-42.55	0.5
-42.59	0.5
-42.63	0.5
-42.68	0.6
-42.72	0.6
-42.77	0.7
-42.81	0.7
-42.86	0.8
-42.91	0.9
-42.95	1.0
-43.00	1.1
-43.03	1.2
-43.06	1.3
-43.08	1.3
-43.09	1.3
-43.10	1.3
-43.11	1.3
-43.11	1.3
-43.12	1.3
-43.12	1.3
-43.13	1.3
-43.13	1.3
-43.14	1.3
-43.14	1.4
-43.15	1.4
-43.16	1.4
-43.16	1.4
-43.17	1.4
-43.19	1.4
-43.21	1.4
-43.23	1.4
-43.26	1.4
-43.29	1.4
-43.33	1.4
-43.36	1.3
-43.40	1.3
-43.44	1.3
-43.47	1.2
-43.50	1.1
-43.51	1.1
-43.52	1.0
-43.53	1.0
-43.54	1.0
-43.56	1.0
-43.58	1.0
-43.61	1.0
-43.65	0.9
-43.69	0.8
-43.73	0.7
-43.77	0.6
-43.81	0.6
-43.85	0.6
-43.89	0.5
-43.92	0.5
-43.95	0.5
-43.98	0.5
-44.01	0.6
-44.03	0.6
-44.05	0.6
-44.08	0.6
-44.10	0.7
-44.11	0.7
-44.13	0.7
-44.14	0.8
-44.16	0.8
-44.17	0.8
-44.19	0.8
-44.21	0.8
-44.22	0.9
-44.24	0.9
-44.26	0.9
-44.28	0.9
-44.30	1.0
-44.32	1.0
-44.34	1.0
-44.36	1.1
-44.38	1.1
-44.41	1.1
-44.44	1.2
-44.47	1.2
-44.49	1.2
-44.51	1.2
-44.53	1.2
-44.55	1.2
-44.57	1.2
-44.59	1.2
-44.61	1.2
-44.63	1.2
-44.65	1.2
-44.67	1.2
-44.69	1.2
-44.71	1.2
-44.73	1.2
-44.74	1.2
-44.76	1.1
-44.78	1.1
-44.79	1.1
-44.81	1.1
-44.83	1.1
-44.86	1.1
-44.90	1.0
-44.94	0.9
-44.97	0.9
-45.00	0.8
-45.04	0.7
-45.06	0.7
-45.09	0.7
-45.11	0.6
-45.13	0.6
-45.14	0.6
-45.15	0.6
-45.17	0.6
-45.19	0.6
-45.21	0.6
-45.23	0.5
-45.25	0.5
-45.27	0.5
-45.30	0.5
-45.31	0.5
-45.33	0.6
-45.35	0.6
-45.36	0.6
-45.38	0.6
-45.39	0.6
-45.41	0.6
-45.42	0.6
-45.43	0.7
-45.45	0.7
-45.47	0.7
-45.49	0.7
-45.51	0.8
-45.53	0.8
-45.55	0.8
-45.57	0.9
-45.58	0.9
-45.60	0.9
-45.62	0.9
-45.64	0.9
-45.66	1.0
-45.67	1.0
-45.69	1.0
-45.70	1.0
-45.72	1.0
-45.73	1.0
-45.75	1.0
-45.77	1.0
-45.79	1.0
-45.81	1.0
-45.84	1.0
-45.87	1.0
-45.91	1.0
-45.95	1.0
-45.98	1.0
-46.01	0.9
-46.03	0.9
-46.05	0.9
-46.07	0.8
-46.09	0.8
-46.12	0.8
-46.15	0.8
-46.18	0.7
-46.20	0.7
-46.23	0.6
-46.24	0.6
-46.25	0.6
-46.26	0.6
-46.28	0.6
-46.29	0.6
-46.31	0.6
-46.33	0.6
-46.35	0.6
-46.37	0.5
-46.40	0.5
-46.42	0.5
-46.45	0.5
-46.48	0.5
-46.50	0.5
-46.53	0.6
-46.56	0.6
-46.58	0.6
-46.61	0.6
-46.63	0.6
-46.65	0.6
-46.67	0.7
-46.69	0.7
-46.71	0.7
-46.73	0.7
-46.75	0.7
-46.78	0.7
-46.80	0.8
-46.82	0.8
-46.84	0.8
-46.86	0.8
-46.89	0.8
-46.91	0.8
-46.93	0.8
-46.96	0.8
-46.97	0.8
-47.00	0.8
-47.01	0.8
-47.03	0.8
-47.05	0.8
-47.07	0.8
-47.10	0.8
-47.12	0.8
-47.14	0.8
-47.16	0.8
-47.19	0.8
-47.21	0.8
-47.23	0.7
-47.26	0.7
-47.28	0.7
-47.30	0.7
-47.32	0.7
-47.35	0.7
-47.37	0.6
-47.39	0.6
-47.42	0.6
-47.44	0.6
-47.47	0.6
-47.49	0.6
-47.51	0.6
-47.54	0.6
-47.57	0.5
-47.59	0.5
-47.62	0.5
-47.65	0.5
-47.68	0.5
-47.71	0.5
-47.73	0.5
-47.75	0.5
-47.77	0.5
-47.79	0.5
-47.81	0.5
-47.83	0.6
-47.84	0.6
-47.86	0.6
-47.87	0.6
-47.89	0.6
-47.91	0.6
-47.93	0.6
-47.95	0.6
-47.97	0.6
-47.99	0.6
-48.02	0.6
-48.04	0.6
-48.07	0.6
-48.09	0.6
-48.11	0.7
-48.13	0.7
-48.15	0.7
-48.16	0.7
-48.18	0.7
-48.20	0.7
-48.22	0.7
-48.24	0.7
-48.26	0.7
-48.28	0.7
-48.31	0.7
-48.33	0.7
-48.36	0.7
-48.39	0.7
-48.43	0.7
-48.47	0.7
-48.51	0.7
-48.56	0.6
-48.60	0.6
-48.64	0.6
-48.68	0.6
-48.72	0.6
-48.75	0.6
-48.79	0.6
-48.82	0.5
-48.85	0.5
-48.88	0.5
-48.91	0.5
-48.94	0.5
-48.98	0.5
-49.02	0.5
-49.06	0.5
-49.09	0.5
-49.12	0.5
-49.15	0.5
-49.18	0.5
-49.21	0.6
-49.24	0.6
-49.27	0.6
-49.30	0.6
-49.33	0.6
-49.37	0.6
-49.40	0.6
-49.43	0.6
-49.47	0.6
-49.50	0.7
-49.54	0.7
-49.58	0.7
-49.61	0.7
-49.65	0.7
-49.68	0.7
-49.72	0.7
-49.75	0.7
-49.79	0.7
-49.82	0.7
-49.86	0.7
-49.89	0.7
-49.92	0.6
-49.95	0.6
-49.99	0.6
-50.02	0.6
-50.05	0.6
-50.08	0.6
-50.11	0.6
-50.14	0.5
-50.18	0.5
-50.21	0.5
-50.24	0.5
-50.27	0.5
-50.31	0.5
-50.34	0.5
-50.37	0.5
-50.40	0.5
-50.43	0.6
-50.45	0.6
-50.48	0.6
-50.51	0.6
-50.55	0.6
-50.59	0.6
-50.62	0.7
-50.67	0.7
-50.71	0.7
-50.76	0.8
-50.80	0.8
-50.84	0.9
-50.88	0.9
-50.92	0.9
-50.96	1.0
-51.00	1.0
-51.03	1.0
-51.07	1.0
-51.10	0.9
-51.13	0.9
-51.17	0.9
-51.21	0.9
-51.26	0.9
-51.30	0.8
-51.35	0.8
-51.40	0.7
-51.45	0.6
-51.49	0.6
-51.52	0.6
-51.56	0.5
-51.59	0.5
-51.62	0.5
-51.64	0.5
-51.67	0.5
-51.70	0.5
-51.73	0.6
-51.76	0.6
-51.79	0.6
-51.83	0.6
-51.87	0.7
-51.90	0.8
-51.94	0.8
-51.97	0.9
-52.00	1.0
-52.04	1.0
-52.07	1.1
-52.11	1.2
-52.14	1.3
-52.19	1.3
-52.23	1.4
-52.27	1.5
-52.31	1.5
-52.34	1.6
-52.37	1.6
-52.39	1.6
-52.42	1.5
-52.44	1.5
-52.47	1.5
-52.50	1.5
-52.53	1.4
-52.57	1.4
-52.61	1.3
-52.64	1.2
-52.67	1.1
-52.69	1.1
-52.72	1.0
-52.74	1.0
-52.76	0.9
-52.78	0.9
-52.80	0.9
-52.82	0.8
-52.84	0.8
-52.86	0.7
-52.88	0.7
-52.90	0.7
-52.92	0.6
-52.94	0.6
-52.96	0.6
-52.98	0.6
-53.00	0.6
-53.02	0.5
-53.04	0.5
-53.06	0.5
-53.08	0.6
-53.10	0.6
-53.12	0.6
-53.14	0.6
-53.16	0.7
-53.18	0.7
-53.21	0.8
-53.23	0.8
-53.26	0.9
-53.28	1.0
-53.30	1.1
-53.32	1.2
-53.33	1.2
-53.35	1.3
-53.38	1.4
-53.40	1.5
-53.42	1.6
-53.45	1.7
-53.47	1.8
-53.49	1.9
-53.52	2.0
-53.54	2.1
-53.57	2.2
-53.59	2.3
-53.61	2.3
-53.64	2.4
-53.66	2.5
-53.69	2.5
-53.71	2.5
-53.73	2.5
-53.75	2.5
-53.77	2.5
-53.79	2.5
-53.82	2.4
-53.85	2.4
-53.87	2.3
-53.90	2.3
-53.93	2.2
-53.96	2.0
-53.99	1.9
-54.02	1.8
-54.05	1.6
-54.08	1.5
-54.11	1.3
-54.15	1.2
-54.17	1.0
-54.21	0.9
-54.24	0.8
-54.27	0.7
-54.31	0.6
-54.34	0.6
-54.37	0.5
-54.41	0.6
-54.43	0.6
-54.46	0.7
-54.48	0.8
-54.50	0.9
-54.52	1.0
-54.54	1.1
-54.56	1.2
-54.58	1.3
-54.60	1.4
-54.62	1.6
-54.64	1.7
-54.67	1.9
-54.69	2.1
-54.72	2.3
-54.75	2.5
-54.77	2.7
-54.80	2.9
-54.82	3.1
-54.86	3.2
-54.89	3.4
-54.92	3.6
-54.95	3.8
-54.98	3.9
-55.00	4.0
-55.03	3.9
-55.06	3.9
-55.08	3.8
-55.10	3.7
-55.12	3.5
-55.15	3.5
-55.17	3.3
-55.20	3.2
-55.23	3.0
-55.26	2.7
-55.28	2.4
-55.31	2.1
-55.33	1.9
-55.35	1.7
-55.37	1.6
-55.38	1.5
-55.39	1.4
-55.41	1.3
-55.42	1.2
-55.43	1.1
-55.43	1.1
-55.44	1.1
-55.45	1.0
-55.45	1.0
-55.45	1.0
-55.46	1.0
-55.47	1.0
-55.47	0.9
-55.48	0.9
-55.49	0.8
-55.50	0.8
-55.52	0.7
-55.53	0.7
-55.54	0.7
-55.54	0.6
-55.55	0.6
-55.55	0.6
-55.56	0.6
-55.57	0.6
-55.58	0.6
-55.58	0.6
-55.59	0.6
-55.59	0.6
-55.60	0.6
-55.61	0.7
-55.63	0.7
-55.64	0.7
-55.65	0.7
-55.67	0.8
-55.69	0.9
-55.70	1.0
-55.72	1.1
-55.74	1.3
-55.76	1.4
-55.79	1.6
-55.81	1.9
-55.83	2.1
-55.84	2.3
-55.85	2.5
-55.86	2.6
-55.87	2.8
-55.89	2.9
-55.90	3.1
-55.92	3.3
-55.94	3.5
-55.95	3.7
-55.96	3.9
-55.97	4.1
-55.98	4.2
-55.99	4.3
-56.00	4.3
-56.01	4.4
-56.03	4.5
-56.04	4.7
-56.06	4.9
-56.07	5.0
-56.08	5.2
-56.09	5.3
-56.11	5.3
-56.12	5.4
-56.13	5.5
-56.15	5.6
-56.18	5.6
-56.21	5.7
-56.24	5.7
-56.27	5.6
-56.30	5.5
-56.33	5.3
-56.35	5.0
-56.37	4.8
-56.40	4.5
-56.42	4.2
-56.44	3.9
-56.46	3.7
-56.48	3.4
-56.49	3.1
-56.51	2.8
-56.53	2.6
-56.55	2.4
-56.57	2.2
-56.59	1.9
-56.61	1.7
-56.63	1.5
-56.64	1.3
-56.66	1.1
-56.67	1.0
-56.68	1.0
-56.69	0.9
-56.70	0.8
-56.72	0.8
-56.73	0.7
-56.75	0.7
-56.76	0.7
-56.78	0.6
-56.80	0.7
-56.81	0.7
-56.82	0.8
-56.84	0.8
-56.85	0.9
-56.86	1.0
-56.87	1.0
-56.88	1.1
-56.89	1.2
-56.90	1.3
-56.91	1.4
-56.92	1.6
-56.94	1.7
-56.95	1.9
-56.96	2.1
-56.97	2.3
-56.98	2.4
-56.99	2.6
-56.99	2.7
-57.00	2.8
-57.01	2.9
-57.01	3.1
-57.02	3.1
-57.03	3.2
-57.04	3.3
-57.05	3.5
-57.06	3.7
-57.06	3.8
-57.08	3.9
-57.09	4.0
-57.10	4.1
-57.12	4.3
-57.13	4.5
-57.15	4.9
-57.16	5.2
-57.18	5.5
-57.19	5.8
-57.21	6.0
-57.22	6.3
-57.24	6.5
-57.25	6.7
-57.26	6.8
-57.27	7.0
-57.28	7.0
-57.28	7.1
-57.29	7.2
-57.30	7.2
-57.30	7.3
-57.31	7.3
-57.32	7.4
-57.33	7.4
-57.35	7.5
-57.36	7.6
-57.38	7.7
-57.40	7.8
-57.43	7.8
-57.45	7.8
-57.47	7.7
-57.50	7.5
-57.52	7.3
-57.53	7.1
-57.55	6.9
-57.56	6.7
-57.58	6.5
-57.60	6.3
-57.62	6.0
-57.64	5.8
-57.66	5.4
-57.68	5.0
-57.70	4.7
-57.72	4.3
-57.74	3.9
-57.76	3.6
-57.78	3.2
-57.80	2.9
-57.82	2.5
-57.83	2.2
-57.85	1.9
-57.87	1.7
-57.89	1.5
-57.90	1.3
-57.92	1.1
-57.94	1.0
-57.96	0.9
-57.97	0.8
-57.99	0.7
-58.01	0.7
-58.03	0.7
-58.04	0.7
-58.06	0.8
-58.08	0.9
-58.10	1.0
-58.11	1.1
-58.13	1.3
-58.14	1.4
-58.16	1.7
-58.18	1.9
-58.20	2.1
-58.22	2.4
-58.24	2.8
-58.26	3.2
-58.28	3.6
-58.30	4.0
-58.32	4.4
-58.34	5.0
-58.37	5.5
-58.39	5.9
-58.42	6.5
-58.44	7.0
-58.47	7.5
-58.49	8.1
-58.52	8.5
-58.54	9.0
-58.57	9.4
-58.59	9.7
-58.61	9.8
-58.63	10.0
-58.65	10.0
-58.66	10.0
-58.67	10.0
-58.68	10.0
-58.69	10.0
-58.71	10.0
-58.72	10.0
-58.73	9.9
-58.75	9.9
-58.76	9.7
-58.78	9.6
-58.79	9.4
-58.81	9.2
-58.82	9.0
-58.84	8.8
-58.85	8.5
-58.86	8.3
-58.88	8.0
-58.89	7.7
-58.91	7.4
-58.92	7.1
-58.93	6.8
-58.94	6.6
-58.95	6.3
-58.97	6.1
-58.98	5.9
-58.99	5.6
-59.00	5.4
-59.01	5.1
-59.02	4.9
-59.03	4.7
-59.04	4.5
-59.05	4.3
-59.06	4.0
-59.07	3.7
-59.08	3.5
-59.09	3.2
-59.10	3.1
-59.11	3.0
-59.11	2.9
-59.12	2.8
-59.13	2.7
-59.14	2.5
-59.15	2.3
-59.16	2.1
-59.17	1.9
-59.19	1.7
-59.20	1.5
-59.22	1.3
-59.23	1.2
-59.24	1.1
-59.25	1.0
-59.26	0.9
-59.27	0.9
-59.28	0.9
-59.29	0.9
-59.31	0.8
-59.32	0.8
-59.34	0.8
-59.35	0.8
-59.37	0.8
-59.38	0.9
-59.40	1.0
-59.41	1.1
-59.42	1.3
-59.44	1.5
-59.45	1.6
-59.47	1.8
-59.48	2.0
-59.49	2.2
-59.51	2.4
-59.52	2.6
-59.54	2.9
-59.56	3.3
-59.58	3.8
-59.61	4.4
-59.63	5.2
-59.66	6.0
-59.68	6.8
-59.71	7.6
-59.74	8.4
-59.76	9.1
-59.78	9.7
-59.80	10.2
-59.82	10.6
-59.84	10.8
-59.86	11.1
-59.87	11.2
-59.89	11.5
-59.91	11.8
-59.93	12.1
-59.95	12.3
-59.98	12.5
-60.00	12.6
-60.02	12.5
-60.04	12.4
-60.06	12.2
-60.07	12.0
-60.09	11.8
-60.10	11.6
-60.12	11.4
-60.14	11.2
-60.16	10.8
-60.18	10.3
-60.20	9.7
-60.21	9.0
-60.23	8.5
-60.24	8.0
-60.25	7.6
-60.26	7.4
-60.27	7.2
-60.27	7.0
-60.28	6.8
-60.29	6.6
-60.30	6.5
-60.31	6.3
-60.32	6.1
-60.33	5.8
-60.34	5.5
-60.35	5.3
-60.36	5.1
-60.37	4.9
-60.38	4.8
-60.39	4.5
-60.41	4.3
-60.42	3.9
-60.44	3.5
-60.45	3.1
-60.46	2.8
-60.47	2.5
-60.49	2.3
-60.50	2.1
-60.51	1.9
-60.52	1.8
-60.53	1.7
-60.55	1.5
-60.57	1.3
-60.59	1.1
-60.61	0.8
-60.64	0.7
-60.66	0.7
-60.68	0.8
-60.70	1.0
-60.73	1.2
-60.75	1.5
-60.77	1.8
-60.79	2.2
-60.80	2.5
-60.82	2.9
-60.83	3.2
-60.84	3.6
-60.84	3.8
-60.85	4.1
-60.86	4.2
-60.87	4.4
-60.87	4.5
-60.88	4.7
-60.89	4.9
-60.90	5.1
-60.91	5.4
-60.92	5.8
-60.94	6.3
-60.95	6.8
-60.96	7.2
-60.97	7.7
-60.98	8.0
-60.99	8.2
-61.00	8.4
-61.01	8.6
-61.02	8.8
-61.04	9.2
-61.05	9.6
-61.07	10.2
-61.09	10.7
-61.12	11.4
-61.14	12.1
-61.15	12.7
-61.17	13.2
-61.18	13.5
-61.20	13.7
-61.21	13.9
-61.22	14.0
-61.23	14.1
-61.24	14.3
-61.26	14.4
-61.27	14.5
-61.29	14.5
-61.31	14.6
-61.32	14.7
-61.34	14.7
-61.36	14.7
-61.37	14.6
-61.38	14.5
-61.39	14.3
-61.40	14.2
-61.40	14.1
-61.41	14.0
-61.42	14.0
-61.42	13.9
-61.43	13.8
-61.45	13.7
-61.46	13.5
-61.48	13.2
-61.49	12.9
-61.50	12.6
-61.51	12.4
-61.52	12.2
-61.53	12.0
-61.54	11.7
-61.56	11.3
-61.58	10.8
-61.60	10.3
-61.62	9.7
-61.64	9.0
-61.66	8.2
-61.68	7.5
-61.70	7.0
-61.73	6.5
-61.75	5.8
-61.77	5.0
-61.79	4.1
-61.81	3.5
-61.83	2.9
-61.85	2.4
-61.86	2.0
-61.88	1.7
-61.89	1.5
-61.91	1.4
-61.92	1.3
-61.94	1.1
-61.96	1.0
-61.98	0.9
-62.00	0.8
-62.01	0.8
-62.02	0.9
-62.03	1.0
-62.04	1.1
-62.05	1.2
-62.07	1.3
-62.08	1.5
-62.09	1.7
-62.11	1.9
-62.12	2.2
-62.14	2.5
-62.15	2.9
-62.16	3.3
-62.17	3.6
-62.17	3.8
-62.18	3.8
-62.18	3.8
-62.19	3.8
-62.20	3.9
-62.21	4.0
-62.21	4.2
-62.22	4.5
-62.23	4.8
-62.23	5.0
-62.23	5.2
-62.23	5.2
-62.23	5.2
-62.23	5.2
-62.24	5.2
-62.24	5.1
-62.24	5.1
-62.25	5.2
-62.27	5.5
-62.28	5.9
-62.29	6.6
-62.30	7.2
-62.30	7.8
-62.31	8.1
-62.32	8.2
-62.33	8.3
-62.35	8.6
-62.36	9.1
-62.38	9.7
-62.41	10.4
-62.43	11.3
-62.45	12.2
-62.48	13.0
-62.50	13.8
-62.52	14.5
-62.54	15.0
-62.55	15.3
-62.57	15.6
-62.58	15.8
-62.59	15.9
-62.61	16.0
-62.63	16.2
-62.65	16.3
-62.67	16.5
-62.70	16.7
-62.72	16.7
-62.75	16.6
-62.77	16.4
-62.79	16.1
-62.81	15.7
-62.82	15.3
-62.84	14.9
-62.85	14.5
-62.86	14.3
-62.87	14.0
-62.89	13.7
-62.90	13.4
-62.92	13.1
-62.93	12.6
-62.95	12.1
-62.97	11.5
-62.99	10.8
-63.01	10.0
-63.02	9.3
-63.04	8.6
-63.05	8.0
-63.07	7.5
-63.08	7.0
-63.09	6.6
-63.10	6.2
-63.12	5.8
-63.13	5.4
-63.14	5.0
-63.16	4.5
-63.18	4.1
-63.19	3.6
-63.21	3.2
-63.22	2.8
-63.24	2.4
-63.26	2.0
-63.28	1.7
-63.29	1.4
-63.31	1.2
-63.33	1.0
-63.35	0.9
-63.37	0.8
-63.39	0.9
-63.40	0.9
-63.42	1.1
-63.43	1.2
-63.44	1.4
-63.44	1.6
-63.45	1.7
-63.45	1.8
-63.46	1.8
-63.46	1.9
-63.47	1.9
-63.48	1.9
-63.49	2.1
-63.50	2.3
-63.51	2.6
-63.52	2.9
-63.54	3.3
-63.55	3.7
-63.56	4.1
-63.58	4.5
-63.59	5.0
-63.61	5.5
-63.62	6.0
-63.64	6.7
-63.65	7.4
-63.66	8.1
-63.67	8.7
-63.68	9.2
-63.69	9.5
-63.70	9.6
-63.71	9.8
-63.73	10.2
-63.74	10.8
-63.76	11.6
-63.78	12.5
-63.79	13.4
-63.81	14.1
-63.82	14.6
-63.83	14.9
-63.84	15.2
-63.85	15.5
-63.86	15.8
-63.86	16.0
-63.87	16.3
-63.88	16.5
-63.88	16.7
-63.89	16.8
-63.89	16.8
-63.90	16.9
-63.91	17.0
-63.91	17.1
-63.92	17.2
-63.93	17.4
-63.94	17.6
-63.96	17.7
-63.97	17.9
-63.98	18.1
-63.99	18.2
-64.00	18.2
-64.01	18.2
-64.01	18.2
-64.02	18.1
-64.03	18.1
-64.04	18.1
-64.06	18.0
-64.08	17.8
-64.10	17.5
-64.12	17.0
-64.13	16.5
-64.15	16.0
-64.16	15.6
-64.17	15.2
-64.18	15.1
-64.18	15.0
-64.18	15.0
-64.19	15.0
-64.19	14.9
-64.20	14.8
-64.21	14.5
-64.22	14.0
-64.23	13.6
-64.24	13.2
-64.25	12.8
-64.26	12.6
-64.27	12.4
-64.28	12.3
-64.28	12.2
-64.29	12.0
-64.30	11.6
-64.30	11.2
-64.31	10.6
-64.32	10.1
-64.33	9.7
-64.34	9.1
-64.36	8.5
-64.37	7.8
-64.39	7.1
-64.41	6.3
-64.43	5.5
-64.46	4.7
-64.48	3.9
-64.51	3.2
-64.53	2.5
-64.55	1.8
-64.57	1.3
-64.59	1.0
-64.60	0.8
-64.62	0.8
-64.63	0.9
-64.65	1.0
-64.66	1.0
-64.68	1.1
-64.70	1.2
-64.71	1.3
-64.73	1.6
-64.74	1.9
-64.75	2.3
-64.77	2.7
-64.78	3.0
-64.79	3.3
-64.80	3.7
-64.81	4.0
-64.82	4.4
-64.83	4.8
-64.84	5.0
-64.85	5.3
-64.86	5.5
-64.87	5.8
-64.88	6.3
-64.90	7.0
-64.92	7.9
-64.93	8.9
-64.94	9.8
-64.95	10.6
-64.96	11.2
-64.97	11.5
-64.97	11.6
-64.98	11.6
-64.98	11.5
-64.99	11.7
-65.00	12.1
-65.02	12.6
-65.03	13.3
-65.05	14.0
-65.06	14.7
-65.07	15.3
-65.08	15.7
-65.09	16.0
-65.09	16.1
-65.10	16.3
-65.10	16.5
-65.11	16.7
-65.11	17.0
-65.12	17.2
-65.13	17.4
-65.14	17.5
-65.15	17.6
-65.16	17.8
-65.17	18.1
-65.19	18.4
-65.20	18.7
-65.21	19.0
-65.22	19.2
-65.23	19.2
-65.24	19.2
-65.25	19.1
-65.26	19.0
-65.26	19.0
-65.26	19.0
-65.27	19.0
-65.27	19.0
-65.28	19.0
-65.28	19.0
-65.29	18.9
-65.30	18.9
-65.30	18.8
-65.30	18.7
-65.30	18.7
-65.30	18.7
-65.31	18.7
-65.32	18.6
-65.33	18.4
-65.34	18.1
-65.35	17.8
-65.36	17.6
-65.37	17.4
-65.38	17.3
-65.39	17.2
-65.40	17.0
-65.41	16.7
-65.41	16.3
-65.42	15.8
-65.43	15.3
-65.44	14.9
-65.44	14.6
-65.45	14.4
-65.45	14.4
-65.45	14.4
-65.45	14.5
-65.46	14.5
-65.46	14.4
-65.46	14.2
-65.46	13.9
-65.47	13.5
-65.47	13.2
-65.47	12.9
-65.48	12.7
-65.48	12.5
-65.48	12.4
-65.49	12.2
-65.50	12.0
-65.50	11.7
-65.51	11.3
-65.51	11.0
-65.52	10.7
-65.52	10.5
-65.53	10.3
-65.54	10.0
-65.55	9.7
-65.56	9.2
-65.57	8.6
-65.59	7.9
-65.60	7.3
-65.61	6.7
-65.61	6.2
-65.62	5.8
-65.63	5.5
-65.64	5.2
-65.65	4.9
-65.65	4.7
-65.66	4.4
-65.67	4.2
-65.67	4.0
-65.68	3.7
-65.69	3.4
-65.70	3.0
-65.72	2.7
-65.73	2.3
-65.74	2.1
-65.75	1.9
-65.76	1.7
-65.76	1.7
-65.76	1.6
-65.77	1.6
-65.77	1.6
-65.77	1.5
-65.77	1.5
-65.77	1.4
-65.77	1.3
-65.77	1.2
-65.78	1.2
-65.78	1.2
-65.79	1.1
-65.80	1.1
-65.81	1.0
-65.82	1.0
-65.84	0.9
-65.85	0.9
-65.87	1.0
-65.89	1.1
-65.91	1.3
-65.93	1.7
-65.94	2.2
-65.96	2.6
-65.98	3.2
-65.99	3.7
-66.01	4.3
-66.04	5.0
-66.06	5.7
-66.08	6.5
-66.11	7.4
-66.13	8.4
-66.16	9.4
-66.18	10.6
-66.21	11.8
-66.23	13.0
-66.26	14.3
-66.28	15.5
-66.30	16.6
-66.31	17.3
-66.32	17.7
-66.32	17.8
-66.33	17.7
-66.33	17.6
-66.34	17.6
-66.35	17.8
-66.36	18.1
-66.38	18.5
-66.39	18.8
-66.40	19.1
-66.41	19.2
-66.42	19.2
-66.43	19.2
-66.43	19.1
-66.45	19.1
-66.46	19.1
-66.48	19.1
-66.50	19.0
-66.52	18.9
-66.54	18.6
-66.55	18.3
-66.57	17.8
-66.60	17.2
-66.62	16.6
-66.64	15.9
-66.65	15.0
-66.67	14.3
-66.68	13.5
-66.70	12.9
-66.71	12.4
-66.73	11.8
-66.74	11.3
-66.75	10.7
-66.76	10.1
-66.77	9.5
-66.78	9.0
-66.79	8.6
-66.80	8.2
-66.81	7.8
-66.82	7.4
-66.82	7.2
-66.83	7.0
-66.83	6.8
-66.83	6.7
-66.84	6.6
-66.84	6.5
-66.85	6.2
-66.86	6.0
-66.86	5.7
-66.87	5.3
-66.88	5.0
-66.89	4.6
-66.90	4.2
-66.91	3.9
-66.92	3.5
-66.93	3.1
-66.95	2.7
-66.96	2.5
-66.97	2.2
-66.98	2.1
-66.99	1.9
-66.99	1.8
-67.00	1.6
-67.01	1.5
-67.01	1.4
-67.02	1.3
-67.03	1.2
-67.04	1.2
-67.05	1.1
-67.06	1.0
-67.08	0.9
-67.09	0.9
-67.10	0.9
-67.12	1.0
-67.13	1.1
-67.15	1.3
-67.16	1.6
-67.18	1.8
-67.19	2.1
-67.21	2.5
-67.22	2.8
-67.24	3.3
-67.25	3.7
-67.27	4.2
-67.28	4.7
-67.30	5.3
-67.31	5.9
-67.32	6.4
-67.33	6.9
-67.34	7.4
-67.35	7.8
-67.36	8.3
-67.37	8.8
-67.39	9.3
-67.40	10.0
-67.42	10.7
-67.43	11.5
-67.44	12.1
-67.45	12.6
-67.45	12.9
-67.46	13.1
-67.46	13.2
-67.46	13.2
-67.47	13.4
-67.47	13.5
-67.48	13.7
-67.48	14.0
-67.49	14.2
-67.50	14.4
-67.50	14.6
-67.51	14.7
-67.51	14.9
-67.52	15.1
-67.53	15.4
-67.54	15.7
-67.54	16.0
-67.55	16.2
-67.55	16.4
-67.56	16.6
-67.57	16.8
-67.58	17.0
-67.58	17.3
-67.59	17.5
-67.60	17.7
-67.60	17.8
-67.61	17.9
-67.61	18.0
-67.61	17.9
-67.61	17.9
-67.61	17.9
-67.61	17.9
-67.62	17.9
-67.62	18.0
-67.63	18.1
-67.63	18.3
-67.63	18.4
-67.63	18.4
-67.63	18.5
-67.64	18.5
-67.65	18.5
-67.65	18.6
-67.66	18.7
-67.67	18.9
-67.68	19.0
-67.69	19.1
-67.70	19.2
-67.71	19.2
-67.72	19.2
-67.74	19.2
-67.75	19.1
-67.76	19.1
-67.78	19.0
-67.79	18.8
-67.80	18.6
-67.82	18.4
-67.83	18.1
-67.84	17.8
-67.85	17.5
-67.86	17.2
-67.88	16.9
-67.89	16.6
-67.91	16.2
-67.92	15.7
-67.94	15.1
-67.95	14.5
-67.96	13.9
-67.97	13.4
-67.98	13.0
-67.99	12.7
-68.00	12.4
-68.00	12.1
-68.01	11.8
-68.02	11.5
-68.03	11.2
-68.03	10.9
-68.04	10.7
-68.04	10.6
-68.04	10.5
-68.05	10.3
-68.05	10.1
-68.06	9.9
-68.06	9.7
-68.06	9.5
-68.06	9.5
-68.06	9.4
-68.06	9.4
-68.07	9.5
-68.07	9.4
-68.08	9.3
-68.10	8.9
-68.11	8.3
-68.13	7.5
-68.15	6.6
-68.16	5.7
-68.17	5.0
-68.18	4.5
-68.20	4.2
-68.20	3.9
-68.21	3.7
-68.22	3.5
-68.23	3.2
-68.24	2.9
-68.25	2.7
-68.26	2.4
-68.27	2.2
-68.29	1.9
-68.30	1.7
-68.32	1.5
-68.33	1.2
-68.35	1.1
-68.36	1.0
-68.37	0.9
-68.38	0.9
-68.39	0.9
-68.40	1.0
-68.42	1.0
-68.43	1.1
-68.45	1.3
-68.46	1.5
-68.48	1.8
-68.49	2.1
-68.50	2.3
-68.51	2.6
-68.52	2.8
-68.53	2.9
-68.54	3.1
-68.55	3.3
-68.56	3.5
-68.58	3.9
-68.59	4.3
-68.60	4.9
-68.62	5.4
-68.63	6.0
-68.64	6.6
-68.66	7.1
-68.67	7.6
-68.68	8.0
-68.69	8.4
-68.70	8.9
-68.71	9.4
-68.72	9.9
-68.73	10.3
-68.74	10.6
-68.74	10.9
-68.75	11.1
-68.75	11.2
-68.75	11.4
-68.76	11.5
-68.76	11.6
-68.76	11.6
-68.76	11.6
-68.77	11.7
-68.77	11.8
-68.79	12.1
-68.80	12.5
-68.82	13.1
-68.84	13.9
-68.86	14.8
-68.88	15.5
-68.89	16.1
-68.90	16.5
-68.91	16.7
-68.92	16.8
-68.92	16.8
-68.93	16.9
-68.93	17.0
-68.93	17.1
-68.94	17.2
-68.94	17.3
-68.94	17.4
-68.95	17.4
-68.95	17.4
-68.95	17.4
-68.95	17.3
-68.95	17.3
-68.95	17.3
-68.96	17.4
-68.96	17.5
-68.97	17.5
-68.97	17.6
-68.98	17.7
-68.99	17.8
-69.00	17.9
-69.00	18.0
-69.01	18.0
-69.02	18.1
-69.02	18.1
-69.02	18.1
-69.02	18.2
-69.03	18.2
-69.03	18.2
-69.03	18.2
-69.04	18.2
-69.04	18.2
-69.04	18.2
-69.04	18.2
-69.05	18.2
-69.05	18.2
-69.05	18.2
-69.05	18.2
-69.05	18.2
-69.05	18.2
-69.05	18.2
-69.05	18.2
-69.05	18.2
-69.05	18.2
-69.05	18.2
-69.05	18.2
-69.05	18.2
-69.05	18.2
-69.05	18.2
-69.05	18.2
-69.05	18.2
-69.05	18.2
-69.05	18.2
-69.05	18.2
-69.05	18.2
-69.05	18.2
-69.05	18.2
-69.05	18.2
-69.05	18.2
-69.06	18.2
-69.06	18.2
-69.06	18.2
-69.06	18.2
-69.06	18.2
-69.06	18.2
-69.06	18.2
-69.06	18.2
-69.07	18.2
-69.08	18.1
-69.09	18.1
-69.10	18.1
-69.11	17.9
-69.13	17.8
-69.14	17.6
-69.14	17.4
-69.15	17.1
-69.16	16.9
-69.18	16.7
-69.19	16.4
-69.21	16.1
-69.22	15.6
-69.22	15.1
-69.23	14.8
-69.23	14.7
-69.23	14.6
-69.24	14.6
-69.24	14.6
-69.25	14.6
-69.26	14.3
-69.27	14.0
-69.27	13.7
-69.28	13.4
-69.29	13.1
-69.30	12.7
-69.32	12.2
-69.33	11.6
-69.35	10.9
-69.36	10.1
-69.38	9.4
-69.39	8.8
-69.40	8.3
-69.42	7.8
-69.43	7.3
-69.43	6.8
-69.44	6.4
-69.45	6.0
-69.47	5.6
-69.48	5.3
-69.50	4.8
-69.51	4.3
-69.52	3.8
-69.53	3.3
-69.53	3.0
-69.54	2.8
-69.54	2.8
-69.55	2.8
-69.55	2.7
-69.56	2.6
-69.58	2.3
-69.59	2.0
-69.61	1.7
-69.62	1.4
-69.64	1.2
-69.66	1.0
-69.68	0.9
-69.70	0.9
-69.71	0.9
-69.73	0.9
-69.75	1.0
-69.77	1.2
-69.78	1.4
-69.80	1.8
-69.82	2.1
-69.83	2.5
-69.85	2.9
-69.87	3.4
-69.88	3.8
-69.90	4.3
-69.91	4.7
-69.93	5.3
-69.95	5.9
-69.97	6.6
-69.99	7.3
-70.00	8.1
-70.01	8.7
-70.02	9.2
-70.03	9.5
-70.04	9.7
-70.04	9.8
-70.05	10.0
-70.06	10.2
-70.06	10.5
-70.07	10.7
-70.08	10.9
-70.09	11.1
-70.10	11.4
-70.11	11.9
-70.13	12.5
-70.14	13.2
-70.16	13.9
-70.18	14.5
-70.20	15.0
-70.22	15.5
-70.25	15.8
-70.27	16.1
-70.29	16.3
-70.31	16.6
-70.33	16.7
-70.35	16.7
-70.37	16.7
-70.39	16.5
-70.42	16.3
-70.44	15.9
-70.46	15.5
-70.48	15.1
-70.50	14.6
-70.52	14.1
-70.54	13.6
-70.55	13.1
-70.57	12.6
-70.58	12.1
-70.60	11.5
-70.61	10.9
-70.63	10.3
-70.64	9.8
-70.65	9.3
-70.66	8.9
-70.67	8.6
-70.67	8.4
-70.68	8.4
-70.68	8.3
-70.69	8.3
-70.71	8.2
-70.72	7.8
-70.74	7.2
-70.76	6.5
-70.78	5.7
-70.80	4.8
-70.81	4.1
-70.83	3.5
-70.84	3.1
-70.85	2.9
-70.86	2.7
-70.87	2.6
-70.88	2.4
-70.90	2.2
-70.92	1.9
-70.94	1.6
-70.96	1.3
-70.99	1.0
-71.00	0.8
-71.02	0.7
-71.04	0.8
-71.06	0.9
-71.08	1.0
-71.10	1.2
-71.12	1.4
-71.14	1.7
-71.16	2.0
-71.18	2.5
-71.20	3.0
-71.23	3.5
-71.25	4.2
-71.28	5.0
-71.30	5.8
-71.33	6.8
-71.35	7.6
-71.37	8.4
-71.39	9.2
-71.41	9.8
-71.43	10.3
-71.44	10.6
-71.45	11.0
-71.47	11.3
-71.49	11.7
-71.50	12.1
-71.52	12.6
-71.53	13.0
-71.54	13.3
-71.56	13.6
-71.57	13.7
-71.58	13.8
-71.59	13.9
-71.60	14.1
-71.62	14.3
-71.63	14.4
-71.64	14.5
-71.65	14.5
-71.66	14.5
-71.67	14.5
-71.69	14.6
-71.70	14.6
-71.72	14.6
-71.73	14.5
-71.75	14.4
-71.76	14.2
-71.77	14.0
-71.78	13.9
-71.79	13.7
-71.81	13.6
-71.82	13.4
-71.84	13.2
-71.86	12.9
-71.88	12.5
-71.91	12.0
-71.93	11.3
-71.95	10.4
-71.97	9.5
-71.99	8.6
-72.00	8.0
-72.00	7.6
-72.01	7.5
-72.02	7.5
-72.03	7.5
-72.05	7.3
-72.07	6.9
-72.09	6.3
-72.11	5.5
-72.13	4.7
-72.14	3.9
-72.15	3.4
-72.16	3.2
-72.17	3.2
-72.18	3.2
-72.19	3.1
-72.20	2.9
-72.22	2.7
-72.24	2.4
-72.27	2.0
-72.30	1.5
-72.33	1.0
-72.36	0.7
-72.38	0.6
-72.41	0.6
-72.43	0.8
-72.45	1.1
-72.46	1.5
-72.47	1.7
-72.47	1.8
-72.48	1.8
-72.49	1.8
-72.50	1.9
-72.51	2.0
-72.52	2.2
-72.54	2.5
-72.56	2.9
-72.58	3.4
-72.59	3.8
-72.61	4.3
-72.62	4.7
-72.62	5.0
-72.62	5.1
-72.63	5.1
-72.63	5.1
-72.64	5.1
-72.66	5.2
-72.68	5.6
-72.70	6.1
-72.72	6.8
-72.74	7.5
-72.76	8.1
-72.79	8.6
-72.82	9.2
-72.85	9.9
-72.88	10.7
-72.91	11.4
-72.94	11.8
-72.96	12.1
-72.99	12.3
-73.01	12.4
-73.03	12.4
-73.04	12.4
-73.06	12.3
-73.07	12.2
-73.08	12.2
-73.08	12.1
-73.09	12.0
-73.09	12.0
-73.10	12.0
-73.12	12.0
-73.13	11.9
-73.14	11.7
-73.16	11.5
-73.17	11.3
-73.19	11.0
-73.20	10.8
-73.22	10.5
-73.23	10.1
-73.24	9.7
-73.25	9.4
-73.25	9.2
-73.26	9.1
-73.27	9.0
-73.28	8.9
-73.30	8.7
-73.32	8.4
-73.33	7.9
-73.35	7.3
-73.36	6.8
-73.37	6.4
-73.37	6.1
-73.38	6.0
-73.38	6.0
-73.39	6.1
-73.39	6.1
-73.40	6.0
-73.41	5.8
-73.42	5.5
-73.43	5.2
-73.45	4.8
-73.47	4.3
-73.49	3.9
-73.51	3.3
-73.52	2.8
-73.54	2.4
-73.55	2.1
-73.56	2.0
-73.56	2.0
-73.57	1.9
-73.58	1.9
-73.59	1.8
-73.60	1.7
-73.61	1.5
-73.62	1.3
-73.63	1.1
-73.64	1.0
-73.66	1.0
-73.67	0.9
-73.68	0.9
-73.70	0.8
-73.71	0.8
-73.72	0.7
-73.74	0.8
-73.75	0.8
-73.76	0.9
-73.78	1.0
-73.79	1.1
-73.80	1.2
-73.81	1.3
-73.82	1.4
-73.83	1.5
-73.84	1.7
-73.85	1.9
-73.86	2.1
-73.88	2.3
-73.89	2.5
-73.90	2.6
-73.91	2.8
-73.92	3.0
-73.92	3.2
-73.93	3.4
-73.94	3.5
-73.94	3.7
-73.94	3.8
-73.95	3.9
-73.95	3.9
-73.95	4.0
-73.95	3.9
-73.96	3.9
-73.96	3.9
-73.97	4.0
-73.98	4.2
-73.99	4.5
-74.01	4.9
-74.01	5.2
-74.02	5.5
-74.03	5.7
-74.03	5.8
-74.04	5.9
-74.05	6.0
-74.06	6.1
-74.07	6.2
-74.08	6.4
-74.09	6.7
-74.10	6.9
-74.12	7.3
-74.13	7.6
-74.14	7.9
-74.14	8.1
-74.15	8.2
-74.16	8.2
-74.16	8.3
-74.17	8.3
-74.18	8.3
-74.19	8.5
-74.20	8.6
-74.21	8.9
-74.22	9.1
-74.24	9.3
-74.25	9.4
-74.27	9.6
-74.28	9.7
-74.29	9.8
-74.29	9.8
-74.30	9.8
-74.31	9.8
-74.32	9.8
-74.32	9.9
-74.33	9.9
-74.34	9.9
-74.35	9.9
-74.36	9.9
-74.37	9.9
-74.38	9.9
-74.38	9.9
-74.39	9.8
-74.40	9.8
-74.41	9.8
-74.42	9.7
-74.43	9.7
-74.44	9.5
-74.45	9.4
-74.46	9.2
-74.46	9.1
-74.47	9.0
-74.47	8.9
-74.47	8.9
-74.47	9.0
-74.47	9.0
-74.48	9.0
-74.48	9.0
-74.49	8.9
-74.50	8.7
-74.51	8.6
-74.53	8.4
-74.54	8.2
-74.56	7.9
-74.58	7.5
-74.60	7.0
-74.61	6.6
-74.62	6.1
-74.64	5.8
-74.65	5.5
-74.66	5.3
-74.67	5.1
-74.68	5.0
-74.68	4.9
-74.68	4.8
-74.68	4.8
-74.68	4.8
-74.68	4.8
-74.69	4.8
-74.69	4.8
-74.70	4.7
-74.71	4.5
-74.72	4.4
-74.74	4.1
-74.75	3.8
-74.75	3.5
-74.75	3.4
-74.75	3.3
-74.75	3.4
-74.76	3.4
-74.76	3.3
-74.76	3.2
-74.77	3.1
-74.78	3.0
-74.79	2.9
-74.80	2.8
-74.82	2.7
-74.83	2.4
-74.85	2.0
-74.86	1.6
-74.87	1.4
-74.88	1.2
-74.89	1.1
-74.91	1.1
-74.92	1.1
-74.94	1.0
-74.95	0.8
-74.97	0.7
-74.98	0.7
-75.00	0.7
-75.01	0.7
-75.02	0.7
-75.02	0.8
-75.03	0.8
-75.03	0.8
-75.03	0.9
-75.04	0.9
-75.04	0.9
-75.05	0.9
-75.06	0.9
-75.07	1.0
-75.07	1.1
-75.08	1.2
-75.09	1.3
-75.09	1.4
-75.10	1.4
-75.11	1.4
-75.11	1.4
-75.11	1.5
-75.12	1.5
-75.13	1.6
-75.14	1.7
-75.16	1.9
-75.19	2.2
-75.21	2.6
-75.24	3.1
-75.26	3.6
-75.28	4.1
-75.29	4.5
-75.31	4.8
-75.32	5.1
-75.33	5.3
-75.34	5.5
-75.36	5.7
-75.38	5.9
-75.40	6.2
-75.42	6.5
-75.44	6.8
-75.45	7.0
-75.47	7.2
-75.49	7.3
-75.51	7.4
-75.53	7.5
-75.54	7.5
-75.56	7.6
-75.58	7.7
-75.60	7.7
-75.62	7.6
-75.64	7.5
-75.66	7.4
-75.67	7.3
-75.69	7.1
-75.71	6.9
-75.74	6.7
-75.75	6.5
-75.77	6.1
-75.78	5.9
-75.79	5.6
-75.80	5.5
-75.80	5.3
-75.81	5.3
-75.82	5.2
-75.83	5.1
-75.84	4.9
-75.86	4.7
-75.87	4.5
-75.89	4.2
-75.90	3.9
-75.91	3.6
-75.92	3.3
-75.93	3.1
-75.94	3.0
-75.94	2.9
-75.94	2.8
-75.95	2.8
-75.96	2.7
-75.97	2.6
-75.99	2.4
-76.01	2.2
-76.02	1.9
-76.03	1.6
-76.04	1.4
-76.05	1.3
-76.05	1.3
-76.06	1.3
-76.06	1.3
-76.07	1.3
-76.09	1.2
-76.10	1.1
-76.12	0.9
-76.15	0.8
-76.17	0.7
-76.18	0.6
-76.19	0.6
-76.20	0.6
-76.20	0.7
-76.21	0.7
-76.21	0.7
-76.22	0.7
-76.24	0.7
-76.26	0.8
-76.28	0.8
-76.30	0.9
-76.31	1.1
-76.33	1.2
-76.34	1.4
-76.35	1.5
-76.36	1.6
-76.37	1.7
-76.38	1.8
-76.39	2.0
-76.41	2.1
-76.42	2.3
-76.43	2.5
-76.44	2.7
-76.45	2.8
-76.45	2.9
-76.46	3.0
-76.46	3.0
-76.47	3.1
-76.48	3.1
-76.50	3.2
-76.51	3.4
-76.53	3.6
-76.54	3.8
-76.56	4.0
-76.57	4.2
-76.58	4.3
-76.58	4.4
-76.58	4.4
-76.58	4.4
-76.58	4.3
-76.58	4.3
-76.58	4.3
-76.59	4.4
-76.60	4.5
-76.60	4.6
-76.61	4.7
-76.61	4.8
-76.61	4.8
-76.61	4.8
-76.61	4.8
-76.62	4.8
-76.63	4.8
-76.64	4.9
-76.65	5.0
-76.67	5.1
-76.69	5.3
-76.70	5.4
-76.71	5.5
-76.72	5.5
-76.74	5.6
-76.75	5.6
-76.77	5.6
-76.79	5.6
-76.81	5.5
-76.83	5.5
-76.85	5.5
-76.87	5.4
-76.89	5.3
-76.91	5.1
-76.92	5.0
-76.94	4.8
-76.95	4.7
-76.97	4.5
-76.99	4.4
-77.00	4.2
-77.02	4.0
-77.02	3.9
-77.02	3.8
-77.03	3.8
-77.03	3.8
-77.03	3.8
-77.03	3.9
-77.03	3.9
-77.03	3.9
-77.03	3.9
-77.03	3.9
-77.03	3.9
-77.03	3.9
-77.03	3.8
-77.03	3.8
-77.04	3.7
-77.05	3.6
-77.07	3.5
-77.08	3.3
-77.10	3.1
-77.11	2.9
-77.13	2.7
-77.15	2.5
-77.18	2.2
-77.21	2.0
-77.24	1.7
-77.27	1.4
-77.30	1.1
-77.34	0.8
-77.37	0.7
-77.41	0.6
-77.44	0.5
-77.47	0.6
-77.49	0.6
-77.52	0.8
-77.54	0.9
-77.56	1.0
-77.59	1.2
-77.61	1.3
-77.63	1.5
-77.65	1.6
-77.68	1.8
-77.70	2.0
-77.72	2.2
-77.75	2.4
-77.78	2.6
-77.80	2.8
-77.82	3.0
-77.83	3.1
-77.85	3.2
-77.87	3.3
-77.89	3.4
-77.91	3.5
-77.94	3.6
-77.96	3.7
-77.99	3.8
-78.02	3.8
-78.05	3.9
-78.08	3.8
-78.10	3.8
-78.13	3.7
-78.15	3.6
-78.18	3.5
-78.20	3.4
-78.23	3.3
-78.25	3.1
-78.27	3.0
-78.30	2.8
-78.33	2.6
-78.36	2.5
-78.39	2.2
-78.42	2.0
-78.46	1.8
-78.49	1.5
-78.52	1.2
-78.54	1.0
-78.57	0.9
-78.61	0.8
-78.64	0.7
-78.66	0.6
-78.68	0.6
-78.70	0.6
-78.71	0.6
-78.72	0.6
-78.74	0.6
-78.76	0.6
-78.77	0.6
-78.79	0.6
-78.81	0.7
-78.82	0.7
-78.83	0.7
-78.85	0.8
-78.87	0.8
-78.89	0.9
-78.91	1.0
-78.93	1.1
-78.95	1.2
-78.97	1.3
-79.00	1.4
-79.02	1.5
-79.04	1.6
-79.06	1.7
-79.08	1.8
-79.10	1.9
-79.12	2.0
-79.14	2.0
-79.15	2.1
-79.17	2.2
-79.18	2.2
-79.19	2.2
-79.20	2.3
-79.20	2.3
-79.21	2.3
-79.22	2.3
-79.23	2.3
-79.24	2.4
-79.26	2.4
-79.27	2.4
-79.28	2.4
-79.29	2.4
-79.30	2.4
-79.31	2.4
-79.32	2.4
-79.33	2.4
-79.34	2.4
-79.36	2.4
-79.37	2.4
-79.39	2.4
-79.41	2.4
-79.43	2.3
-79.45	2.3
-79.46	2.3
-79.48	2.2
-79.50	2.1
-79.52	2.1
-79.54	2.0
-79.56	2.0
-79.58	1.9
-79.60	1.8
-79.62	1.7
-79.65	1.6
-79.67	1.5
-79.69	1.4
-79.71	1.3
-79.72	1.2
-79.74	1.1
-79.75	1.1
-79.77	1.0
-79.78	1.0
-79.80	0.9
-79.82	0.9
-79.84	0.8
-79.86	0.8
-79.87	0.7
-79.88	0.7
-79.89	0.7
-79.89	0.7
-79.90	0.7
-79.90	0.7
-79.91	0.7
-79.91	0.6
-79.92	0.6
-79.94	0.6
-79.95	0.6
-79.97	0.6
-79.98	0.6
-79.99	0.6
-80.00	0.6
-80.01	0.6
-80.02	0.6
-80.02	0.6
-80.04	0.6
-80.05	0.6
-80.06	0.6
-80.07	0.6
-80.09	0.6
-80.10	0.6
-80.12	0.6
-80.13	0.6
-80.15	0.7
-80.17	0.7
-80.19	0.7
-80.21	0.7
-80.24	0.8
-80.26	0.8
-80.28	0.9
-80.31	0.9
-80.35	1.0
-80.38	1.1
-80.41	1.2
-80.44	1.2
-80.46	1.3
-80.49	1.3
-80.51	1.4
-80.53	1.4
-80.56	1.4
-80.58	1.4
-80.61	1.5
-80.63	1.5
-80.66	1.5
-80.68	1.5
-80.70	1.5
-80.72	1.4
-80.75	1.4
-80.77	1.4
-80.79	1.4
-80.82	1.3
-80.84	1.3
-80.87	1.2
-80.90	1.2
-80.93	1.1
-80.97	1.1
-81.01	1.0
-81.04	0.9
-81.07	0.9
-81.10	0.8
-81.12	0.7
-81.15	0.7
-81.17	0.7
-81.19	0.6
-81.21	0.6
-81.23	0.6
-81.25	0.6
-81.28	0.6
-81.30	0.6
-81.33	0.5
-81.35	0.5
-81.38	0.5
-81.40	0.5
-81.42	0.5
-81.44	0.5
-81.45	0.5
-81.47	0.6
-81.49	0.6
-81.51	0.6
-81.53	0.6
-81.56	0.6
-81.59	0.6
-81.61	0.6
-81.64	0.7
-81.67	0.7
-81.69	0.7
-81.71	0.8
-81.73	0.8
-81.75	0.8
-81.77	0.8
-81.80	0.8
-81.83	0.8
-81.86	0.9
-81.89	0.9
-81.93	0.9
-81.97	0.9
-82.00	0.9
-82.03	0.9
-82.05	0.9
-82.08	0.9
-82.10	0.9
-82.12	0.9
-82.14	0.9
-82.17	0.9
-82.19	0.8
-82.22	0.8
-82.24	0.8
-82.26	0.8
-82.29	0.8
-82.30	0.8
-82.32	0.7
-82.33	0.7
-82.35	0.7
-82.36	0.7
-82.38	0.7
-82.39	0.7
-82.41	0.7
-82.43	0.7
-82.45	0.7
-82.47	0.6
-82.50	0.6
-82.52	0.6
-82.54	0.6
-82.57	0.6
-82.59	0.6
-82.61	0.5
-82.63	0.5
-82.66	0.5
-82.69	0.5
-82.72	0.5
-82.76	0.5
-82.79	0.5
-82.82	0.5
-82.85	0.5
-82.88	0.5
-82.91	0.6
-82.94	0.6
-82.96	0.6
-82.99	0.6
-83.01	0.6
-83.04	0.6
-83.06	0.6
-83.08	0.6
-83.09	0.6
-83.11	0.6
-83.12	0.6
-83.13	0.6
-83.14	0.6
-83.15	0.6
-83.16	0.6
-83.17	0.6
-83.18	0.6
-83.20	0.6
-83.22	0.6
-83.24	0.6
-83.26	0.7
-83.28	0.7
-83.29	0.7
-83.31	0.7
-83.32	0.7
-83.32	0.7
-83.33	0.7
-83.34	0.7
-83.35	0.7
-83.37	0.7
-83.39	0.7
-83.40	0.7
-83.43	0.7
-83.45	0.7
-83.47	0.7
-83.48	0.7
-83.50	0.6
-83.51	0.6
-83.52	0.6
-83.53	0.6
-83.55	0.6
-83.56	0.6
-83.58	0.6
-83.60	0.6
-83.62	0.6
-83.64	0.6
-83.66	0.6
-83.68	0.6
-83.70	0.6
-83.72	0.6
-83.73	0.6
-83.74	0.6
-83.75	0.6
-83.76	0.6
-83.78	0.6
-83.79	0.6
-83.80	0.6
-83.82	0.6
-83.83	0.6
-83.85	0.5
-83.86	0.5
-83.88	0.5
-83.90	0.5
-83.91	0.5
-83.93	0.5
-83.95	0.5
-83.97	0.5
-83.99	0.5
-84.01	0.5
-84.03	0.5
-84.05	0.5
-84.06	0.5
-84.07	0.5
-84.08	0.5
-84.08	0.5
-84.09	0.5
-84.10	0.5
-84.11	0.5
-84.12	0.5
-84.13	0.5
-84.15	0.5
-84.16	0.5
-84.18	0.5
-84.19	0.5
-84.20	0.5
-84.22	0.5
-84.23	0.5
-84.24	0.5
-84.24	0.6
-84.25	0.6
-84.26	0.5
-84.27	0.6
-84.28	0.6
-84.29	0.6
-84.30	0.6
-84.32	0.6
-84.34	0.6
-84.36	0.6
-84.37	0.6
-84.39	0.6
-84.40	0.6
-84.41	0.6
-84.42	0.6
-84.42	0.6
-84.43	0.6
-84.44	0.6
-84.44	0.6
-84.46	0.6
-84.47	0.6
-84.49	0.6
-84.50	0.6
-84.52	0.6
-84.53	0.6
-84.54	0.6
-84.56	0.6
-84.57	0.6
-84.59	0.6
-84.60	0.6
-84.62	0.7
-84.63	0.7
-84.65	0.7
-84.66	0.7
-84.67	0.7
-84.68	0.7
-84.69	0.7
-84.70	0.7
-84.71	0.7
-84.72	0.7
-84.74	0.7
-84.75	0.7
-84.77	0.7
-84.79	0.7
-84.80	0.7
-84.82	0.7
-84.83	0.7
-84.84	0.7
-84.86	0.6
-84.88	0.6
-84.89	0.6
-84.91	0.6
-84.92	0.6
-84.94	0.6
-84.96	0.6
-84.98	0.6
-85.00	0.6
-85.02	0.6
-85.04	0.6
-85.06	0.6
-85.08	0.6
-85.10	0.6
-85.13	0.6
-85.16	0.5
-85.18	0.5
-85.21	0.5
-85.23	0.5
-85.26	0.5
-85.28	0.5
-85.30	0.5
-85.33	0.5
-85.35	0.5
-85.37	0.5
-85.39	0.5
-85.41	0.5
-85.43	0.5
-85.45	0.6
-85.46	0.6
-85.48	0.6
-85.49	0.6
-85.50	0.6
-85.51	0.6
-85.52	0.6
-85.53	0.6
-85.53	0.6
-85.54	0.6
-85.55	0.6
-85.56	0.6
-85.57	0.6
-85.58	0.6
-85.59	0.6
-85.60	0.6
-85.60	0.6
-85.61	0.7
-85.62	0.7
-85.63	0.7
-85.64	0.7
-85.65	0.7
-85.66	0.7
-85.67	0.7
-85.68	0.7
-85.69	0.7
-85.70	0.7
-85.71	0.7
-85.72	0.7
-85.74	0.7
-85.76	0.7
-85.78	0.7
-85.80	0.8
-85.82	0.8
-85.84	0.8
-85.87	0.8
-85.89	0.8
-85.92	0.8
-85.94	0.8
-85.96	0.8
-85.98	0.8
-86.00	0.8
-86.02	0.8
-86.05	0.8
-86.07	0.8
-86.09	0.8
-86.11	0.8
-86.13	0.8
-86.15	0.8
-86.17	0.8
-86.19	0.7
-86.20	0.7
-86.21	0.7
-86.23	0.7
-86.24	0.7
-86.25	0.7
-86.26	0.7
-86.27	0.7
-86.28	0.7
-86.30	0.7
-86.31	0.6
-86.33	0.6
-86.34	0.6
-86.36	0.6
-86.37	0.6
-86.39	0.6
-86.40	0.6
-86.41	0.6
-86.42	0.6
-86.43	0.6
-86.45	0.5
-86.46	0.5
-86.48	0.5
-86.50	0.5
-86.52	0.5
-86.53	0.5
-86.55	0.5
-86.56	0.5
-86.58	0.5
-86.60	0.5
-86.62	0.6
-86.64	0.6
-86.66	0.6
-86.68	0.6
-86.70	0.6
-86.72	0.6
-86.74	0.6
-86.75	0.7
-86.76	0.7
-86.78	0.7
-86.79	0.7
-86.81	0.7
-86.83	0.7
-86.84	0.8
-86.86	0.8
-86.88	0.8
-86.90	0.8
-86.91	0.9
-86.93	0.9
-86.94	0.9
-86.96	0.9
-86.97	0.9
-86.99	0.9
-87.01	1.0
-87.04	1.0
-87.06	1.0
-87.08	1.0
-87.10	1.0
-87.11	1.0
-87.13	1.0
-87.14	1.0
-87.16	1.0
-87.17	1.0
-87.18	1.0
-87.20	1.0
-87.21	1.0
-87.22	1.0
-87.23	1.0
-87.24	1.0
-87.26	1.0
-87.27	1.0
-87.29	1.0
-87.31	1.0
-87.33	0.9
-87.34	0.9
-87.36	0.9
-87.38	0.9
-87.40	0.9
-87.41	0.8
-87.43	0.8
-87.45	0.8
-87.47	0.8
-87.49	0.8
-87.51	0.7
-87.53	0.7
-87.55	0.7
-87.57	0.7
-87.60	0.6
-87.63	0.6
-87.65	0.6
-87.68	0.6
-87.71	0.5
-87.74	0.5
-87.76	0.5
-87.78	0.5
-87.81	0.5
-87.83	0.5
-87.84	0.6
-87.86	0.6
-87.88	0.6
-87.89	0.6
-87.91	0.6
-87.93	0.6
-87.95	0.7
-87.97	0.7
-87.99	0.7
-88.01	0.7
-88.04	0.8
-88.06	0.8
-88.08	0.9
-88.10	0.9
-88.12	0.9
-88.14	1.0
-88.16	1.0
-88.17	1.0
-88.19	1.0
-88.20	1.1
-88.21	1.1
-88.23	1.1
-88.24	1.1
-88.25	1.1
-88.26	1.1
-88.27	1.1
-88.28	1.1
-88.29	1.2
-88.31	1.2
-88.32	1.2
-88.33	1.2
-88.34	1.2
-88.36	1.2
-88.37	1.2
-88.38	1.2
-88.39	1.2
-88.40	1.2
-88.41	1.2
-88.42	1.2
-88.43	1.2
-88.44	1.2
-88.44	1.2
-88.45	1.2
-88.45	1.2
-88.46	1.2
-88.46	1.2
-88.46	1.2
-88.47	1.2
-88.47	1.2
-88.47	1.2
-88.47	1.2
-88.47	1.2
-88.47	1.2
-88.47	1.2
-88.48	1.2
-88.48	1.2
-88.48	1.2
-88.48	1.2
-88.49	1.2
-88.49	1.2
-88.49	1.2
-88.50	1.2
-88.50	1.2
-88.51	1.2
-88.52	1.2
-88.54	1.2
-88.55	1.2
-88.57	1.2
-88.58	1.2
-88.59	1.1
-88.60	1.1
-88.60	1.1
-88.61	1.1
-88.61	1.1
-88.61	1.1
-88.62	1.1
-88.62	1.1
-88.63	1.1
-88.63	1.1
-88.65	1.1
-88.66	1.1
-88.68	1.0
-88.69	1.0
-88.71	1.0
-88.73	0.9
-88.75	0.9
-88.77	0.9
-88.80	0.8
-88.82	0.8
-88.85	0.7
-88.87	0.7
-88.90	0.7
-88.92	0.6
-88.95	0.6
-88.98	0.6
-89.00	0.6
-89.02	0.5
-89.04	0.5
-89.06	0.5
-89.08	0.5
-89.10	0.5
-89.12	0.6
-89.14	0.6
-89.16	0.6
-89.18	0.6
-89.20	0.6
-89.22	0.6
-89.24	0.7
-89.27	0.7
-89.30	0.7
-89.32	0.8
-89.35	0.8
-89.38	0.9
-89.41	1.0
-89.44	1.0
-89.47	1.1
-89.49	1.1
-89.52	1.2
-89.54	1.2
-89.56	1.3
-89.58	1.3
-89.61	1.3
-89.63	1.3
-89.65	1.3
-89.68	1.4
-89.70	1.4
-89.73	1.4
-89.76	1.4
-89.79	1.4
-89.82	1.3
-89.84	1.3
-89.87	1.3
-89.89	1.2
-89.91	1.2
-89.92	1.2
-89.94	1.1
-89.96	1.1
-89.97	1.1
-89.99	1.1
-90.00	1.0
-90.02	1.0
-90.04	1.0
-90.06	0.9
-90.08	0.9
-90.10	0.8
-90.12	0.8
-90.14	0.8
-90.16	0.7
-90.18	0.7
-90.20	0.7
-90.22	0.7
-90.24	0.6
-90.26	0.6
-90.27	0.6
-90.28	0.6
-90.30	0.6
-90.31	0.6
-90.32	0.6
-90.34	0.6
-90.35	0.5
-90.37	0.5
-90.38	0.5
-90.40	0.5
-90.42	0.5
-90.43	0.6
-90.45	0.6
-90.47	0.6
-90.48	0.6
-90.50	0.6
-90.52	0.6
-90.53	0.6
-90.55	0.7
-90.57	0.7
-90.60	0.7
-90.62	0.8
-90.65	0.8
-90.67	0.9
-90.69	0.9
-90.72	1.0
-90.75	1.0
-90.77	1.1
-90.79	1.1
-90.81	1.2
-90.83	1.2
-90.84	1.2
-90.86	1.3
-90.88	1.3
-90.90	1.3
-90.92	1.3
-90.95	1.3
-90.97	1.4
-91.01	1.4
-91.04	1.4
-91.07	1.4
-91.11	1.4
-91.14	1.4
-91.17	1.4
-91.21	1.3
-91.24	1.3
-91.27	1.3
-91.30	1.2
-91.32	1.2
-91.35	1.1
-91.38	1.1
-91.41	1.0
-91.44	1.0
-91.48	0.9
-91.51	0.8
-91.54	0.7
-91.57	0.7
-91.59	0.6
-91.61	0.6
-91.61	0.6
-91.61	0.6
-91.61	0.6
-91.61	0.6
-91.61	0.6
-91.61	0.6
-91.61	0.6
-91.61	0.6
-91.62	0.6
-91.63	0.6
-91.65	0.6
-91.67	0.6
-91.68	0.6
-91.69	0.6
-91.70	0.5
-91.70	0.5
-91.70	0.5
-91.70	0.5
-91.70	0.5
-91.70	0.5
-91.70	0.5
-91.70	0.5
-91.70	0.5
-91.72	0.5
-91.74	0.5
-91.75	0.5
-91.77	0.5
-91.78	0.5
-91.78	0.6
-91.78	0.6
-91.78	0.6
-91.78	0.6
-91.79	0.6
-91.80	0.6
-91.81	0.5
-91.83	0.6
-91.84	0.6
-91.86	0.6
-91.88	0.6
-91.90	0.6
-91.92	0.6
-91.94	0.7
-91.96	0.7
-91.98	0.7
-92.00	0.8
-92.03	0.8
-92.05	0.8
-92.08	0.9
-92.10	1.0
-92.12	1.0
-92.14	1.1
-92.16	1.1
-92.18	1.1
-92.20	1.1
-92.22	1.2
-92.23	1.2
-92.25	1.2
-92.26	1.3
-92.28	1.3
-92.30	1.3
-92.32	1.3
-92.34	1.3
-92.36	1.3
-92.38	1.4
-92.41	1.4
-92.43	1.4
-92.44	1.4
-92.46	1.4
-92.47	1.4
-92.48	1.4
-92.49	1.4
-92.50	1.4
-92.51	1.4
-92.53	1.3
-92.54	1.3
-92.56	1.3
-92.58	1.3
-92.60	1.3
-92.63	1.2
-92.64	1.2
-92.65	1.2
-92.65	1.1
-92.65	1.1
-92.66	1.2
-92.66	1.2
-92.66	1.2
-92.66	1.2
-92.66	1.2
-92.68	1.2
-92.69	1.1
-92.70	1.1
-92.71	1.1
-92.72	1.0
-92.73	1.0
-92.74	1.0
-92.74	1.0
-92.75	1.0
-92.76	1.0
-92.76	1.0
-92.77	1.0
-92.78	1.0
-92.79	1.0
-92.80	0.9
-92.81	0.9
-92.82	0.9
-92.83	0.9
-92.84	0.9
-92.85	0.8
-92.86	0.8
-92.86	0.8
-92.87	0.8
-92.88	0.8
-92.89	0.8
-92.90	0.8
-92.91	0.7
-92.92	0.7
-92.93	0.7
-92.95	0.7
-92.98	0.7
-93.01	0.6
-93.05	0.6
-93.09	0.5
-93.13	0.5
-93.16	0.5
-93.19	0.5
-93.22	0.6
-93.24	0.6
-93.27	0.6
-93.29	0.6
-93.32	0.7
-93.34	0.7
-93.37	0.7
-93.40	0.8
-93.43	0.8
-93.46	0.9
-93.49	0.9
-93.51	1.0
-93.54	1.0
-93.57	1.1
-93.59	1.1
-93.62	1.2
-93.64	1.2
-93.66	1.2
-93.68	1.2
-93.71	1.2
-93.73	1.2
-93.76	1.3
-93.78	1.3
-93.81	1.3
-93.84	1.3
-93.87	1.2
-93.89	1.2
-93.92	1.2
-93.95	1.2
-93.98	1.1
-94.01	1.1
-94.04	1.0
-94.07	1.0
-94.10	0.9
-94.14	0.8
-94.17	0.8
-94.20	0.8
-94.22	0.7
-94.25	0.7
-94.28	0.6
-94.30	0.6
-94.33	0.6
-94.35	0.6
-94.37	0.5
-94.40	0.5
-94.41	0.5
-94.43	0.5
-94.44	0.5
-94.45	0.5
-94.46	0.5
-94.47	0.5
-94.49	0.5
-94.51	0.6
-94.52	0.6
-94.54	0.6
-94.56	0.6
-94.59	0.6
-94.61	0.6
-94.64	0.7
-94.66	0.7
-94.69	0.7
-94.72	0.8
-94.75	0.8
-94.78	0.9
-94.80	0.9
-94.83	0.9
-94.85	1.0
-94.86	1.0
-94.88	1.0
-94.89	1.0
-94.90	1.1
-94.91	1.1
-94.92	1.1
-94.93	1.1
-94.94	1.1
-94.96	1.1
-94.98	1.1
-95.00	1.1
-95.02	1.1
-95.04	1.1
-95.07	1.1
-95.09	1.1
-95.12	1.1
-95.14	1.1
-95.17	1.0
-95.19	1.0
-95.21	1.0
-95.23	1.0
-95.26	0.9
-95.28	0.9
-95.30	0.9
-95.32	0.8
-95.34	0.8
-95.37	0.8
-95.39	0.7
-95.41	0.7
-95.43	0.7
-95.45	0.6
-95.47	0.6
-95.49	0.6
-95.51	0.6
-95.52	0.6
-95.53	0.6
-95.54	0.6
-95.55	0.5
-95.56	0.5
-95.57	0.5
-95.58	0.5
-95.59	0.5
-95.61	0.5
-95.62	0.5
-95.63	0.5
-95.64	0.5
-95.66	0.5
-95.67	0.5
-95.68	0.5
-95.69	0.5
-95.70	0.5
-95.71	0.5
-95.72	0.6
-95.74	0.6
-95.76	0.6
-95.78	0.6
-95.80	0.6
-95.83	0.6
-95.86	0.6
-95.89	0.7
-95.93	0.7
-95.97	0.7
-96.00	0.8
-96.04	0.8
-96.08	0.8
-96.11	0.9
-96.14	0.9
-96.17	0.9
-96.20	0.9
-96.22	0.9
-96.24	0.9
-96.26	0.9
-96.29	0.9
-96.32	0.9
-96.35	0.9
-96.38	0.9
-96.42	0.8
-96.45	0.8
-96.49	0.8
-96.52	0.7
-96.55	0.7
-96.58	0.7
-96.61	0.6
-96.64	0.6
-96.68	0.6
-96.71	0.6
-96.74	0.6
-96.77	0.5
-96.81	0.5
-96.84	0.5
-96.88	0.5
-96.92	0.5
-96.95	0.5
-96.98	0.5
-97.01	0.6
-97.03	0.6
-97.05	0.6
-97.07	0.6
-97.09	0.6
-97.11	0.6
-97.13	0.6
-97.15	0.6
-97.17	0.6
-97.20	0.7
-97.22	0.7
-97.25	0.7
-97.27	0.7
-97.30	0.7
-97.32	0.7
-97.34	0.7
-97.35	0.7
-97.37	0.7
-97.39	0.7
-97.41	0.7
-97.43	0.7
-97.45	0.7
-97.48	0.7
-97.50	0.7
-97.52	0.7
-97.54	0.7
-97.57	0.7
-97.59	0.7
-97.61	0.7
-97.62	0.7
-97.64	0.7
-97.65	0.7
-97.66	0.7
-97.68	0.7
-97.70	0.7
-97.71	0.6
-97.73	0.6
-97.75	0.6
-97.77	0.6
-97.79	0.6
-97.81	0.6
-97.83	0.6
-97.85	0.6
-97.86	0.6
-97.88	0.6
-97.90	0.6
-97.92	0.5
-97.94	0.5
-97.96	0.5
-97.98	0.5
-98.00	0.5
-98.02	0.5
-98.04	0.5
-98.06	0.5
-98.07	0.5
-98.09	0.5
-98.11	0.5
-98.12	0.5
-98.14	0.5
-98.16	0.5
-98.18	0.5
-98.20	0.5
-98.21	0.5
-98.23	0.5
-98.24	0.5
-98.26	0.5
-98.27	0.5
-98.29	0.5
-98.30	0.5
-98.31	0.5
-98.33	0.5
-98.34	0.5
-98.36	0.6
-98.37	0.6
-98.39	0.6
-98.41	0.6
-98.43	0.6
-98.45	0.6
-98.47	0.6
-98.48	0.6
-98.50	0.6
-98.52	0.6
-98.53	0.6
-98.55	0.6
-98.56	0.6
-98.57	0.6
-98.59	0.6
-98.60	0.6
-98.61	0.6
-98.62	0.6
-98.63	0.6
-98.64	0.6
-98.66	0.6
-98.67	0.6
-98.68	0.6
-98.69	0.6
-98.71	0.6
-98.72	0.6
-98.74	0.6
-98.76	0.6
-98.78	0.6
-98.79	0.6
-98.81	0.6
-98.82	0.6
-98.84	0.6
-98.86	0.6
-98.88	0.6
-98.89	0.6
-98.91	0.6
-98.92	0.6
-98.93	0.6
-98.95	0.6
-98.96	0.6
-98.97	0.6
-98.99	0.6
-99.00	0.6
-99.01	0.6
-99.03	0.6
-99.04	0.5
-99.06	0.5
-99.07	0.5
-99.09	0.5
-99.11	0.5
-99.13	0.5
-99.15	0.5
-99.17	0.5
-99.18	0.5
-99.20	0.5
-99.22	0.5
-99.24	0.5
-99.25	0.5
-99.26	0.5
-99.27	0.5
-99.27	0.5
-99.28	0.5
-99.28	0.5
-99.29	0.5
-99.29	0.5
-99.30	0.5
-99.32	0.5
-99.33	0.5
-99.35	0.5
-99.37	0.5
-99.39	0.5
-99.40	0.5
-99.42	0.5
-99.43	0.5
-99.45	0.5
-99.46	0.5
-99.48	0.5
-99.49	0.5
-99.51	0.5
-99.53	0.5
-99.55	0.5
-99.57	0.5
-99.59	0.5
-99.61	0.5
-99.62	0.5
-99.64	0.5
-99.65	0.5
-99.67	0.5
-99.68	0.5
-99.69	0.5
-99.70	0.5
-99.71	0.5
-99.73	0.5
-99.75	0.5
-99.77	0.5
-99.79	0.5
-99.81	0.5
-99.84	0.5
-99.86	0.5
-99.88	0.5
-99.91	0.5
-99.93	0.5
-99.95	0.5
-99.97	0.5
-99.99	0.5
-100.01	0.5
-100.03	0.5
-100.06	0.5
-100.08	0.5
-100.11	0.5
-100.14	0.5
-100.16	0.5
-100.19	0.5
-100.21	0.5
-100.23	0.5
-100.25	0.5
-100.27	0.5
-100.28	0.5
-100.30	0.5
-100.32	0.5
-100.33	0.5
-100.35	0.5
-100.37	0.5
-100.39	0.5
-100.40	0.5
-100.42	0.5
-100.44	0.5
-100.46	0.5
-100.47	0.5
-100.49	0.5
-100.51	0.5
-100.53	0.5
-100.55	0.5
-100.57	0.5
-100.59	0.5
-100.61	0.5
-100.62	0.5
-100.65	0.5
-100.67	0.5
-100.69	0.5
-100.72	0.5
-100.75	0.5
-100.79	0.5
-100.82	0.5
-100.87	0.5
-100.91	0.5
-100.96	0.5
-101.00	0.5
-101.04	0.5
-101.08	0.5
-101.12	0.5
-101.16	0.5
-101.20	0.5
-101.24	0.5
-101.28	0.5
-101.32	0.5
-101.35	0.5
-101.39	0.5
-101.42	0.5
-101.46	0.5
-101.49	0.5
-101.52	0.5
-101.54	0.5
-101.57	0.5
-101.59	0.5
-101.62	0.5
-101.63	0.5
-101.65	0.5
-101.67	0.5
-101.69	0.5
-101.70	0.5
-101.71	0.5
-101.73	0.5
-101.74	0.5
-101.76	0.5
-101.78	0.5
-101.80	0.5
-101.82	0.5
-101.85	0.5
-101.87	0.5
-101.89	0.5
-101.91	0.5
-101.93	0.5
-101.94	0.5
-101.95	0.5
-101.97	0.5
-101.98	0.5
-102.00	0.5
-102.03	0.5
-102.06	0.5
-102.09	0.5
-102.12	0.5
-102.15	0.5
-102.19	0.5
-102.22	0.5
-102.25	0.5
-102.27	0.5
-102.29	0.5
-102.31	0.5
-102.33	0.5
-102.35	0.5
-102.37	0.5
-102.40	0.5
-102.42	0.5
-102.45	0.5
-102.48	0.5
-102.50	0.5
-102.53	0.5
-102.55	0.5
-102.57	0.5
-102.59	0.5
-102.60	0.5
-102.62	0.5
-102.63	0.5
-102.64	0.5
-102.65	0.5
-102.66	0.5
-102.66	0.5
-102.67	0.5
-102.68	0.5
-102.69	0.5
-102.70	0.5
-102.72	0.5
-102.73	0.5
-102.74	0.5
-102.74	0.5
-102.75	0.5
-102.75	0.5
-102.75	0.5
-102.75	0.5
-102.75	0.5
-102.76	0.5
-102.76	0.5
-102.77	0.5
-102.78	0.5
-102.79	0.5
-102.80	0.5
-102.81	0.5
-102.82	0.5
-102.83	0.5
-102.84	0.5
-102.86	0.5
-102.87	0.5
-102.88	0.5
-102.88	0.5
-102.89	0.5
-102.90	0.5
-102.91	0.5
-102.92	0.5
-102.93	0.5
-102.94	0.5
-102.96	0.5
-102.97	0.5
-102.99	0.5
-103.00	0.5
-103.02	0.5
-103.04	0.5
-103.06	0.5
-103.07	0.5
-103.09	0.5
-103.10	0.5
-103.11	0.5
-103.12	0.5
-103.13	0.5
-103.14	0.5
-103.15	0.5
-103.16	0.5
-103.18	0.5
-103.19	0.5
-103.21	0.5
-103.23	0.5
-103.24	0.5
-103.25	0.5
-103.26	0.5
-103.27	0.5
-103.27	0.5
-103.28	0.5
-103.28	0.5
-103.28	0.5
-103.28	0.5
-103.28	0.5
-103.28	0.5
-103.28	0.5
-103.28	0.5
-103.29	0.5
-103.31	0.5
-103.32	0.5
-103.33	0.5
-103.34	0.5
-103.36	0.5
-103.37	0.5
-103.38	0.5
-103.39	0.5
-103.40	0.5
-103.41	0.5
-103.43	0.5
-103.44	0.5
-103.45	0.5
-103.45	0.5
-103.46	0.5
-103.46	0.5
-103.47	0.5
-103.48	0.5
-103.49	0.5
-103.50	0.5
-103.52	0.5
-103.53	0.5
-103.55	0.5
-103.57	0.5
-103.59	0.5
-103.61	0.5
-103.64	0.5
-103.68	0.5
-103.71	0.5
-103.74	0.5
-103.77	0.5
-103.79	0.5
-103.81	0.5
-103.83	0.5
-103.84	0.5
-103.84	0.6
-103.85	0.6
-103.85	0.6
-103.86	0.6
-103.86	0.6
-103.87	0.5
-103.87	0.6
-103.88	0.6
-103.89	0.6
-103.90	0.6
-103.91	0.6
-103.92	0.6
-103.93	0.6
-103.95	0.6
-103.96	0.6
-103.98	0.6
-103.99	0.6
-104.01	0.6
-104.02	0.6
-104.04	0.6
-104.05	0.6
-104.06	0.6
-104.07	0.6
-104.09	0.6
-104.10	0.6
-104.12	0.6
-104.14	0.6
-104.16	0.6
-104.19	0.6
-104.21	0.6
-104.23	0.6
-104.25	0.6
-104.27	0.6
-104.29	0.6
-104.32	0.6
-104.34	0.6
-104.36	0.6
-104.39	0.6
-104.41	0.6
-104.42	0.6
-104.44	0.6
-104.46	0.6
-104.48	0.6
-104.50	0.6
-104.52	0.6
-104.53	0.5
-104.55	0.5
-104.56	0.5
-104.58	0.5
-104.59	0.5
-104.61	0.5
-104.62	0.5
-104.64	0.5
-104.66	0.5
-104.68	0.5
-104.70	0.5
-104.72	0.5
-104.74	0.5
-104.76	0.5
-104.77	0.5
-104.79	0.5
-104.81	0.5
-104.82	0.5
-104.83	0.5
-104.85	0.5
-104.86	0.5
-104.88	0.5
-104.89	0.5
-104.91	0.5
-104.92	0.5
-104.94	0.5
-104.96	0.5
-104.99	0.5
-105.01	0.5
-105.04	0.6
-105.06	0.6
-105.09	0.6
-105.11	0.6
-105.14	0.6
-105.16	0.6
-105.18	0.6
-105.20	0.6
-105.22	0.6
-105.24	0.6
-105.26	0.6
-105.28	0.6
-105.30	0.6
-105.32	0.6
-105.34	0.7
-105.35	0.7
-105.36	0.7
-105.37	0.7
-105.37	0.7
-105.38	0.7
-105.38	0.7
-105.39	0.7
-105.40	0.7
-105.41	0.7
-105.43	0.7
-105.45	0.7
-105.47	0.7
-105.48	0.7
-105.50	0.7
-105.52	0.7
-105.55	0.6
-105.57	0.6
-105.60	0.6
-105.63	0.6
-105.66	0.6
-105.68	0.6
-105.71	0.6
-105.73	0.6
-105.74	0.6
-105.76	0.6
-105.78	0.6
-105.80	0.6
-105.82	0.5
-105.85	0.5
-105.87	0.5
-105.90	0.5
-105.92	0.5
-105.94	0.5
-105.97	0.5
-105.99	0.5
-106.01	0.5
-106.03	0.5
-106.06	0.5
-106.08	0.5
-106.10	0.5
-106.12	0.5
-106.14	0.5
-106.16	0.5
-106.18	0.5
-106.20	0.6
-106.23	0.6
-106.26	0.6
-106.29	0.6
-106.32	0.6
-106.34	0.6
-106.37	0.6
-106.39	0.7
-106.41	0.7
-106.43	0.7
-106.45	0.7
-106.47	0.7
-106.49	0.7
-106.52	0.7
-106.55	0.7
-106.58	0.7
-106.61	0.7
-106.64	0.7
-106.66	0.7
-106.69	0.7
-106.72	0.7
-106.74	0.7
-106.76	0.7
-106.79	0.7
-106.81	0.7
-106.84	0.7
-106.87	0.6
-106.90	0.6
-106.93	0.6
-106.96	0.6
-106.99	0.6
-107.03	0.6
-107.06	0.5
-107.09	0.5
-107.12	0.5
-107.15	0.5
-107.18	0.5
-107.20	0.5
-107.23	0.5
-107.25	0.5
-107.28	0.5
-107.30	0.5
-107.32	0.5
-107.35	0.5
-107.37	0.5
-107.40	0.6
-107.42	0.6
-107.45	0.6
-107.48	0.6
-107.50	0.6
-107.53	0.6
-107.56	0.6
-107.58	0.7
-107.61	0.7
-107.63	0.7
-107.65	0.7
-107.67	0.7
-107.69	0.7
-107.71	0.7
-107.74	0.7
-107.76	0.8
-107.78	0.8
-107.80	0.8
-107.82	0.8
-107.84	0.8
-107.86	0.8
-107.89	0.8
-107.91	0.8
-107.93	0.8
-107.96	0.7
-107.98	0.7
-108.00	0.7
-108.03	0.7
-108.05	0.7
-108.08	0.7
-108.10	0.7
-108.12	0.7
-108.15	0.6
-108.17	0.6
-108.19	0.6
-108.22	0.6
-108.24	0.6
-108.26	0.6
-108.29	0.6
-108.31	0.6
-108.33	0.5
-108.34	0.5
-108.36	0.5
-108.37	0.5
-108.39	0.5
-108.41	0.5
-108.42	0.5
-108.44	0.5
-108.46	0.5
-108.49	0.5
-108.51	0.5
-108.53	0.5
-108.55	0.5
-108.57	0.5
-108.59	0.5
-108.60	0.5
-108.62	0.5
-108.63	0.6
-108.64	0.6
-108.66	0.6
-108.67	0.6
-108.69	0.6
-108.70	0.6
-108.72	0.6
-108.73	0.6
-108.74	0.6
-108.75	0.6
-108.75	0.6
-108.76	0.6
-108.77	0.6
-108.78	0.6
-108.80	0.6
-108.82	0.6
-108.84	0.7
-108.86	0.7
-108.89	0.7
-108.91	0.7
-108.93	0.7
-108.96	0.7
-108.98	0.7
-109.01	0.8
-109.04	0.8
-109.07	0.8
-109.10	0.8
-109.12	0.8
-109.15	0.8
-109.18	0.8
-109.21	0.8
-109.23	0.8
-109.25	0.8
-109.28	0.8
-109.30	0.8
-109.33	0.7
-109.36	0.7
-109.38	0.7
-109.41	0.7
-109.43	0.7
-109.45	0.7
-109.47	0.6
-109.49	0.6
-109.50	0.6
-109.52	0.6
-109.53	0.6
-109.54	0.6
-109.56	0.6
-109.57	0.6
-109.58	0.6
-109.60	0.6
-109.61	0.6
-109.62	0.6
-109.63	0.6
-109.65	0.5
-109.66	0.5
-109.68	0.6
-109.70	0.5
-109.72	0.5
-109.75	0.5
-109.78	0.5
-109.81	0.5
-109.84	0.5
-109.88	0.5
-109.92	0.5
-109.96	0.5
-109.99	0.5
-110.02	0.6
-110.06	0.6
-110.09	0.6
-110.11	0.6
-110.14	0.6
-110.17	0.7
-110.20	0.7
-110.24	0.7
-110.27	0.7
-110.32	0.7
-110.36	0.7
-110.40	0.8
-110.44	0.8
-110.48	0.8
-110.51	0.8
-110.55	0.8
-110.58	0.8
-110.61	0.7
-110.65	0.7
-110.69	0.7
-110.72	0.7
-110.76	0.7
-110.80	0.6
-110.84	0.6
-110.88	0.6
-110.91	0.6
-110.94	0.6
-110.98	0.5
-111.00	0.5
-111.03	0.5
-111.06	0.5
-111.09	0.5
-111.11	0.5
-111.14	0.5
-111.16	0.5
-111.19	0.5
-111.23	0.5
-111.26	0.5
-111.30	0.5
-111.33	0.6
-111.36	0.6
-111.39	0.6
-111.41	0.6
-111.44	0.6
-111.46	0.6
-111.48	0.6
-111.50	0.6
-111.52	0.6
-111.54	0.6
-111.57	0.7
-111.59	0.7
-111.62	0.7
-111.64	0.7
-111.65	0.7
-111.66	0.7
-111.66	0.7
-111.66	0.7
-111.67	0.7
-111.67	0.7
-111.67	0.7
-111.68	0.7
-111.69	0.7
-111.70	0.7
-111.72	0.7
-111.73	0.7
-111.74	0.7
-111.76	0.7
-111.77	0.7
-111.78	0.7
-111.80	0.7
-111.82	0.7
-111.84	0.7
-111.85	0.7
-111.87	0.7
-111.89	0.7
-111.91	0.7
-111.93	0.7
-111.95	0.7
-111.97	0.7
-112.00	0.7
-112.03	0.7
-112.06	0.7
-112.10	0.7
-112.13	0.6
-112.15	0.6
-112.18	0.6
-112.20	0.6
-112.22	0.6
-112.23	0.6
-112.25	0.6
-112.27	0.6
-112.29	0.6
-112.31	0.6
-112.33	0.5
-112.35	0.5
-112.38	0.5
-112.41	0.5
-112.44	0.5
-112.47	0.5
-112.49	0.5
-112.52	0.5
-112.54	0.5
-112.57	0.5
-112.59	0.5
-112.61	0.5
-112.63	0.5
-112.65	0.5
-112.67	0.5
-112.69	0.5
-112.72	0.5
-112.74	0.6
-112.76	0.6
-112.79	0.6
-112.81	0.6
-112.84	0.6
-112.86	0.6
-112.88	0.6
-112.89	0.6
-112.91	0.6
-112.92	0.6
-112.93	0.6
-112.94	0.6
-112.96	0.6
-112.97	0.6
-112.98	0.6
-113.00	0.7
-113.02	0.7
-113.04	0.7
-113.06	0.7
-113.09	0.7
-113.12	0.7
-113.14	0.7
-113.16	0.7
-113.17	0.7
-113.17	0.7
-113.17	0.7
-113.17	0.7
-113.17	0.7
-113.17	0.7
-113.17	0.7
-113.17	0.7
-113.18	0.7
-113.18	0.7
-113.20	0.7
-113.22	0.7
-113.24	0.7
-113.27	0.7
-113.31	0.7
-113.35	0.7
-113.40	0.6
-113.44	0.6
-113.47	0.6
-113.50	0.6
-113.51	0.6
-113.52	0.6
-113.52	0.6
-113.52	0.6
-113.52	0.6
-113.52	0.6
-113.53	0.6
-113.54	0.6
-113.54	0.6
-113.55	0.6
-113.56	0.6
-113.56	0.6
-113.56	0.6
-113.56	0.6
-113.56	0.6
-113.56	0.6
-113.56	0.6
-113.56	0.6
-113.56	0.6
-113.56	0.6
-113.56	0.6
-113.56	0.6
-113.56	0.6
-113.56	0.6
-113.57	0.6
-113.58	0.6
-113.59	0.6
-113.60	0.6
-113.61	0.5
-113.62	0.5
-113.63	0.5
-113.63	0.5
-113.64	0.5
-113.65	0.5
-113.66	0.5
-113.67	0.5
-113.68	0.5
-113.70	0.5
-113.71	0.5
-113.73	0.5
-113.76	0.5
-113.78	0.5
-113.80	0.5
-113.82	0.5
-113.83	0.5
-113.84	0.5
-113.85	0.5
-113.85	0.5
-113.86	0.5
-113.86	0.5
-113.87	0.5
-113.88	0.5
-113.89	0.5
-113.89	0.5
-113.90	0.5
-113.92	0.5
-113.93	0.5
-113.94	0.5
-113.95	0.5
-113.97	0.5
-113.99	0.5
-114.02	0.5
-114.04	0.5
-114.08	0.5
-114.11	0.6
-114.14	0.6
-114.18	0.6
-114.22	0.6
-114.26	0.6
-114.30	0.6
-114.34	0.6
-114.38	0.6
-114.42	0.6
-114.45	0.6
-114.49	0.6
-114.52	0.6
-114.54	0.6
-114.57	0.6
-114.60	0.6
-114.62	0.6
-114.65	0.6
-114.68	0.6
-114.70	0.6
-114.73	0.6
-114.75	0.6
-114.78	0.6
-114.80	0.6
-114.83	0.5
-114.87	0.5
-114.90	0.5
-114.94	0.5
-114.97	0.5
-115.01	0.5
-115.04	0.5
-115.06	0.5
-115.09	0.5
-115.12	0.5
-115.14	0.5
-115.17	0.5
-115.20	0.5
-115.23	0.5
-115.27	0.5
-115.31	0.5
-115.34	0.5
-115.38	0.5
-115.41	0.5
-115.45	0.6
-115.49	0.5
-115.53	0.6
-115.57	0.6
-115.60	0.6
-115.64	0.6
-115.68	0.6
-115.72	0.6
-115.75	0.6
-115.78	0.6
-115.81	0.6
-115.84	0.6
-115.86	0.6
-115.89	0.5
-115.93	0.5
-115.96	0.5
-116.00	0.5
-116.03	0.5
-116.07	0.5
-116.10	0.5
-116.13	0.5
-116.16	0.5
-116.19	0.5
-116.22	0.5
-116.25	0.5
-116.29	0.5
-116.32	0.5
-116.36	0.5
-116.41	0.5
-116.45	0.5
-116.50	0.5
-116.55	0.5
-116.60	0.5
-116.64	0.5
-116.69	0.5
-116.73	0.5
-116.77	0.5
-116.82	0.5
-116.86	0.5
-116.90	0.5
-116.95	0.5
-116.99	0.5
-117.04	0.5
-117.08	0.5
-117.13	0.5
-117.17	0.5
-117.21	0.5
-117.26	0.5
-117.29	0.5
-117.33	0.5
-117.37	0.5
-117.40	0.5
-117.44	0.5
-117.47	0.5
-117.50	0.5
-117.53	0.5
-117.57	0.5
-117.61	0.5
-117.66	0.5
-117.70	0.5
-117.75	0.5
-117.78	0.5
-117.82	0.5
-117.86	0.5
-117.89	0.5
-117.91	0.5
-117.93	0.5
-117.94	0.5
-117.96	0.5
-117.98	0.5
-117.99	0.5
-118.00	0.5
-118.01	0.5
-118.01	0.5
-118.01	0.5
-118.01	0.5
-118.01	0.5
-118.02	0.5
-118.02	0.5
-118.04	0.5
-118.06	0.5
-118.08	0.5
-118.12	0.5
-118.15	0.5
-118.19	0.5
-118.22	0.5
-118.26	0.5
-118.30	0.5
-118.34	0.5
-118.39	0.5
-118.43	0.5
-118.47	0.5
-118.51	0.5
-118.55	0.5
-118.60	0.5
-118.65	0.5
-118.70	0.5
-118.74	0.5
-118.79	0.5
-118.84	0.5
-118.89	0.5
-118.94	0.5
-118.99	0.5
-119.04	0.5
-119.09	0.5
-119.14	0.5
-119.18	0.5
-119.22	0.5
-119.26	0.5
-119.30	0.5
-119.33	0.5
-119.37	0.5
-119.41	0.5
-119.46	0.5
-119.51	0.6
-119.55	0.5
-119.59	0.5
-119.63	0.5
-119.66	0.5
-119.70	0.5
-119.73	0.5
-119.76	0.5
-119.78	0.5
-119.81	0.5
-119.83	0.5
-119.86	0.5
-119.89	0.5
-119.92	0.5
-119.96	0.5
-119.99	0.5
-120.03	0.5
-120.06	0.5
-120.10	0.5
-120.14	0.5
-120.18	0.5
-120.21	0.5
-120.25	0.5
-120.29	0.5
-120.33	0.5
-120.37	0.5
-120.41	0.5
-120.45	0.5
-120.49	0.5
-120.53	0.5
-120.56	0.5
-120.59	0.5
-120.61	0.5
-120.64	0.5
-120.66	0.5
-120.68	0.5
-120.71	0.5
-120.74	0.5
-120.77	0.5
-120.81	0.5
-120.85	0.5
-120.89	0.5
-120.94	0.5
-120.98	0.5
-121.02	0.5
-121.05	0.5
-121.09	0.5
-121.13	0.5
-121.17	0.5
-121.20	0.5
-121.24	0.5
-121.28	0.5
-121.31	0.5
-121.33	0.5
-121.35	0.5
-121.36	0.5
-121.36	0.5
-121.36	0.5
-121.36	0.5
-121.36	0.5
-121.36	0.5
-121.36	0.5
-121.36	0.5
-121.36	0.5
-121.38	0.5
-121.40	0.5
-121.43	0.5
-121.45	0.5
-121.46	0.5
-121.48	0.5
-121.49	0.5
-121.50	0.5
-121.52	0.5
-121.53	0.5
-121.54	0.5
-121.56	0.5
-121.58	0.5
-121.61	0.5
-121.64	0.5
-121.68	0.5
-121.71	0.5
-121.74	0.5
-121.77	0.5
-121.80	0.5
-121.82	0.5
-121.84	0.5
-121.85	0.5
-121.87	0.5
-121.90	0.5
-121.92	0.5
-121.95	0.5
-121.98	0.5
-122.01	0.5
-122.04	0.6
-122.06	0.6
-122.08	0.6
-122.09	0.6
-122.10	0.6
-122.11	0.6
-122.12	0.6
-122.14	0.6
-122.15	0.6
-122.16	0.6
-122.18	0.6
-122.19	0.6
-122.20	0.6
-122.22	0.6
-122.24	0.6
-122.25	0.6
-122.26	0.6
-122.27	0.6
-122.27	0.6
-122.28	0.6
-122.28	0.6
-122.30	0.6
-122.31	0.6
-122.33	0.6
-122.36	0.6
-122.38	0.5
-122.40	0.5
-122.42	0.5
-122.45	0.6
-122.47	0.5
-122.49	0.5
-122.51	0.5
-122.52	0.5
-122.54	0.5
-122.55	0.5
-122.57	0.5
-122.59	0.5
-122.63	0.5
-122.66	0.5
-122.70	0.5
-122.74	0.5
-122.78	0.5
-122.81	0.5
-122.84	0.5
-122.87	0.5
-122.88	0.5
-122.90	0.5
-122.90	0.5
-122.91	0.5
-122.91	0.5
-122.91	0.5
-122.91	0.5
-122.91	0.5
-122.91	0.5
-122.91	0.5
-122.91	0.5
-122.91	0.5
-122.91	0.5
-122.91	0.5
-122.91	0.5
-122.91	0.5
-122.91	0.5
-122.91	0.5
-122.91	0.5
-122.91	0.5
-122.91	0.5
-122.91	0.5
-122.91	0.5
-122.91	0.5
-122.91	0.5
-122.91	0.5
-122.91	0.5
-122.91	0.5
-122.91	0.5
-122.91	0.5
-122.91	0.5
-122.91	0.5
-122.91	0.5
-122.91	0.5
-122.91	0.5
-122.91	0.5
-122.91	0.5
-122.91	0.5
-122.91	0.5
-122.91	0.5
-122.91	0.5
-122.91	0.5
-122.91	0.5
-122.91	0.5
-122.91	0.5
-122.91	0.5
-122.91	0.5
-122.91	0.5
-122.91	0.5
-122.91	0.5
-122.91	0.5
-122.91	0.5
-122.91	0.5
-122.91	0.5
-122.91	0.5
-122.91	0.5
-122.91	0.5
-122.91	0.5
-122.92	0.5
-122.92	0.5
-122.92	0.5
-122.92	0.5
-122.93	0.5
-122.94	0.5
-122.95	0.5
-122.96	0.5
-122.98	0.5
-123.00	0.5
-123.02	0.5
-123.04	0.5
-123.06	0.5
-123.08	0.5
-123.09	0.5
-123.10	0.5
-123.11	0.5
-123.13	0.5
-123.14	0.5
-123.15	0.5
-123.17	0.5
-123.18	0.5
-123.20	0.5
-123.22	0.5
-123.24	0.5
-123.26	0.5
-123.28	0.6
-123.31	0.6
-123.34	0.6
-123.37	0.6
-123.40	0.6
-123.43	0.6
-123.46	0.6
-123.49	0.6
-123.52	0.6
-123.55	0.6
-123.58	0.6
-123.61	0.6
-123.63	0.6
-123.66	0.6
-123.68	0.6
-123.70	0.6
-123.73	0.6
-123.75	0.6
-123.78	0.6
-123.80	0.6
-123.83	0.6
-123.86	0.6
-123.89	0.5
-123.92	0.5
-123.95	0.5
-123.98	0.5
-124.00	0.5
-124.03	0.5
-124.06	0.5
-124.09	0.5
-124.12	0.5
-124.14	0.5
-124.17	0.5
-124.19	0.5
-124.22	0.5
-124.24	0.5
-124.26	0.5
-124.28	0.5
-124.30	0.5
-124.32	0.5
-124.33	0.5
-124.35	0.5
-124.37	0.5
-124.39	0.5
-124.42	0.5
-124.45	0.5
-124.47	0.5
-124.50	0.6
-124.52	0.6
-124.54	0.6
-124.56	0.6
-124.58	0.6
-124.60	0.6
-124.62	0.6
-124.63	0.6
-124.65	0.6
-124.66	0.6
-124.68	0.6
-124.70	0.6
-124.72	0.6
-124.74	0.6
-124.77	0.6
-124.80	0.6
-124.83	0.6
-124.86	0.6
-124.89	0.6
-124.91	0.6
-124.93	0.6
-124.94	0.6
-124.96	0.6
-124.98	0.6
-124.99	0.6
-125.01	0.6
-125.04	0.6
-125.06	0.6
-125.08	0.6
-125.10	0.6
-125.12	0.6
-125.13	0.5
-125.15	0.5
-125.16	0.5
-125.17	0.5
-125.18	0.5
-125.20	0.5
-125.21	0.5
-125.23	0.5
-125.26	0.5
-125.28	0.5
-125.31	0.5
-125.33	0.5
-125.35	0.5
-125.36	0.5
-125.37	0.5
-125.38	0.5
-125.38	0.5
-125.40	0.5
-125.41	0.5
-125.43	0.5
-125.45	0.5
-125.48	0.5
-125.51	0.5
-125.54	0.5
-125.58	0.5
-125.60	0.5
-125.63	0.5
-125.66	0.5
-125.68	0.6
-125.71	0.6
-125.74	0.6
-125.77	0.6
-125.80	0.6
-125.84	0.6
-125.88	0.6
-125.91	0.6
-125.94	0.6
-125.98	0.6
-126.01	0.6
-126.04	0.6
-126.07	0.6
-126.11	0.6
-126.14	0.6
-126.17	0.6
-126.20	0.6
-126.24	0.6
-126.27	0.6
-126.31	0.6
-126.34	0.6
-126.37	0.6
-126.40	0.5
-126.43	0.5
-126.46	0.5
-126.48	0.5
-126.51	0.5
-126.53	0.5
-126.56	0.5
-126.59	0.5
-126.62	0.5
-126.66	0.5
-126.69	0.5
-126.73	0.5
-126.77	0.5
-126.80	0.5
-126.84	0.5
-126.88	0.5
-126.92	0.6
-126.95	0.6
-126.98	0.6
-127.01	0.6
-127.04	0.6
-127.06	0.6
-127.08	0.6
-127.10	0.6
-127.13	0.6
-127.15	0.6
-127.18	0.6
-127.21	0.6
-127.24	0.6
-127.28	0.6
-127.31	0.6
-127.35	0.6
-127.39	0.6
-127.43	0.6
-127.47	0.6
-127.51	0.6
-127.55	0.6
-127.59	0.6
-127.63	0.6
-127.67	0.5
-127.71	0.5
-127.75	0.5
-127.79	0.5
-127.83	0.5
-127.88	0.5
-127.92	0.5
-127.96	0.5
-128.00	0.5
-128.04	0.5
-128.07	0.5
-128.10	0.5
-128.13	0.5
-128.16	0.6
-128.19	0.6
-128.22	0.6
-128.25	0.6
-128.28	0.6
-128.30	0.6
-128.33	0.6
-128.35	0.6
-128.37	0.6
-128.39	0.6
-128.41	0.6
-128.43	0.6
-128.45	0.6
-128.48	0.6
-128.50	0.6
-128.52	0.6
-128.53	0.6
-128.55	0.6
-128.55	0.6
-128.56	0.6
-128.57	0.6
-128.58	0.6
-128.58	0.6
-128.59	0.6
-128.60	0.6
-128.62	0.6
-128.63	0.6
-128.65	0.6
-128.66	0.6
-128.68	0.6
-128.70	0.6
-128.71	0.6
-128.73	0.6
-128.74	0.6
-128.76	0.6
-128.78	0.6
-128.80	0.6
-128.82	0.6
-128.84	0.6
-128.87	0.6
-128.89	0.5
-128.92	0.5
-128.94	0.5
-128.97	0.5
-128.99	0.5
-129.02	0.5
-129.04	0.5
-129.07	0.5
-129.09	0.5
-129.12	0.5
-129.14	0.5
-129.16	0.5
-129.19	0.5
-129.21	0.5
-129.23	0.5
-129.26	0.5
-129.28	0.5
-129.30	0.5
-129.33	0.5
-129.35	0.5
-129.37	0.5
-129.39	0.5
-129.42	0.5
-129.44	0.5
-129.47	0.5
-129.50	0.5
-129.52	0.6
-129.55	0.6
-129.58	0.6
-129.60	0.6
-129.63	0.6
-129.65	0.6
-129.67	0.6
-129.69	0.6
-129.72	0.6
-129.74	0.6
-129.77	0.6
-129.80	0.6
-129.83	0.6
-129.85	0.6
-129.88	0.6
-129.90	0.6
-129.92	0.6
-129.94	0.6
-129.96	0.6
-129.97	0.6
-129.99	0.6
-130.01	0.6
-130.04	0.6
-130.06	0.6
-130.08	0.6
-130.11	0.6
-130.14	0.6
-130.17	0.6
-130.20	0.5
-130.23	0.5
-130.26	0.5
-130.29	0.5
-130.32	0.5
-130.35	0.5
-130.39	0.5
-130.42	0.5
-130.47	0.5
-130.51	0.5
-130.55	0.5
-130.59	0.5
-130.63	0.5
-130.67	0.5
-130.71	0.5
-130.75	0.5
-130.79	0.5
-130.83	0.5
-130.87	0.5
-130.91	0.5
-130.95	0.6
-130.99	0.6
-131.04	0.6
-131.08	0.6
-131.12	0.6
-131.16	0.6
-131.20	0.6
-131.24	0.6
-131.27	0.6
-131.30	0.6
-131.34	0.6
-131.38	0.6
-131.42	0.6
-131.47	0.6
-131.52	0.5
-131.56	0.5
-131.61	0.5
-131.64	0.5
-131.68	0.5
-131.71	0.5
-131.74	0.5
-131.77	0.5
-131.80	0.5
-131.84	0.5
-131.87	0.5
-131.91	0.5
-131.95	0.5
-131.98	0.5
-132.01	0.5
-132.04	0.5
-132.05	0.5
-132.07	0.5
-132.08	0.5
-132.10	0.5
-132.12	0.5
-132.14	0.5
-132.16	0.5
-132.19	0.5
-132.22	0.5
-132.26	0.5
-132.29	0.5
-132.31	0.5
-132.33	0.5
-132.35	0.5
-132.36	0.5
-132.37	0.5
-132.38	0.5
-132.40	0.5
-132.41	0.5
-132.43	0.5
-132.45	0.6
-132.48	0.5
-132.50	0.5
-132.52	0.5
-132.54	0.5
-132.56	0.5
-132.58	0.6
-132.59	0.6
-132.60	0.6
-132.61	0.6
-132.62	0.6
-132.63	0.5
-132.64	0.5
-132.65	0.5
-132.66	0.5
-132.67	0.5
-132.68	0.5
-132.69	0.5
-132.70	0.5
-132.71	0.5
-132.71	0.5
-132.72	0.5
-132.73	0.5
-132.75	0.5
-132.77	0.5
-132.79	0.5
-132.82	0.5
-132.86	0.5
-132.90	0.5
-132.93	0.5
-132.96	0.5
-132.99	0.5
-133.01	0.5
-133.02	0.5
-133.04	0.5
-133.05	0.5
-133.07	0.5
-133.08	0.5
-133.10	0.5
-133.12	0.5
-133.15	0.5
-133.18	0.5
-133.21	0.5
-133.25	0.5
-133.28	0.5
-133.32	0.5
-133.36	0.5
-133.40	0.5
-133.43	0.5
-133.46	0.5
-133.48	0.5
-133.50	0.5
-133.53	0.5
-133.55	0.5
-133.57	0.5
-133.59	0.5
-133.61	0.5
-133.63	0.5
-133.65	0.5
-133.67	0.5
-133.69	0.5
-133.71	0.5
-133.73	0.5
-133.75	0.5
-133.78	0.5
-133.80	0.5
-133.84	0.5
-133.87	0.5
-133.90	0.5
-133.94	0.5
-133.97	0.5
-134.01	0.5
-134.06	0.5
-134.10	0.5
-134.14	0.5
-134.17	0.5
-134.21	0.5
-134.24	0.5
-134.27	0.5
-134.30	0.5
-134.33	0.5
-134.36	0.5
-134.39	0.5
-134.43	0.5
-134.47	0.5
-134.50	0.5
-134.54	0.5
-134.58	0.5
-134.63	0.5
-134.67	0.5
-134.71	0.5
-134.75	0.5
-134.78	0.5
-134.82	0.5
-134.87	0.5
-134.92	0.5
-134.96	0.5
-134.99	0.5
-135.02	0.5
-135.05	0.5
-135.08	0.5
-135.11	0.5
-135.13	0.5
-135.16	0.5
-135.18	0.5
-135.21	0.5
-135.25	0.5
-135.28	0.5
-135.31	0.5
-135.34	0.5
-135.38	0.5
-135.40	0.5
-135.43	0.5
-135.46	0.5
-135.49	0.5
-135.52	0.5
-135.56	0.5
-135.58	0.5
-135.60	0.5
-135.62	0.5
-135.65	0.5
-135.67	0.5
-135.69	0.5
-135.71	0.5
-135.73	0.5
-135.75	0.5
-135.78	0.5
-135.80	0.5
-135.82	0.5
-135.84	0.5
-135.85	0.5
-135.87	0.5
-135.88	0.5
-135.89	0.5
-135.89	0.5
-135.89	0.5
-135.89	0.5
-135.90	0.5
-135.92	0.5
-135.94	0.5
-135.96	0.5
-135.99	0.5
-136.01	0.5
-136.04	0.5
-136.05	0.5
-136.07	0.5
-136.07	0.5
-136.08	0.5
-136.08	0.5
-136.09	0.5
-136.10	0.5
-136.12	0.5
-136.15	0.5
-136.17	0.5
-136.20	0.5
-136.23	0.5
-136.26	0.5
-136.29	0.5
-136.33	0.5
-136.38	0.5
-136.42	0.5
-136.47	0.5
-136.51	0.5
-136.55	0.5
-136.59	0.5
-136.64	0.5
-136.68	0.5
-136.72	0.5
-136.76	0.5
-136.81	0.5
-136.85	0.5
-136.88	0.5
-136.92	0.5
-136.96	0.5
-137.01	0.5
-137.06	0.5
-137.11	0.5
-137.16	0.5
-137.22	0.5
-137.27	0.5
-137.32	0.5
-137.37	0.5
-137.42	0.5
-137.46	0.5
-137.49	0.5
-137.53	0.5
-137.56	0.5
-137.61	0.5
-137.66	0.5
-137.71	0.5
-137.77	0.5
-137.83	0.5
-137.89	0.5
-137.96	0.5
-138.02	0.5
-138.09	0.5
-138.15	0.5
-138.22	0.5
-138.28	0.5
-138.33	0.5
-138.39	0.5
-138.44	0.5
-138.49	0.5
-138.54	0.5
-138.59	0.5
-138.64	0.5
-138.68	0.5
-138.72	0.5
-138.75	0.5
-138.78	0.5
-138.82	0.5
-138.85	0.5
-138.88	0.5
-138.92	0.5
-138.95	0.5
-138.98	0.5
-139.02	0.5
-139.05	0.5
-139.08	0.5
-139.12	0.5
-139.15	0.5
-139.18	0.5
-139.22	0.5
-139.25	0.5
-139.29	0.5
-139.33	0.5
-139.37	0.5
-139.42	0.5
-139.47	0.5
-139.53	0.5
-139.60	0.5
-139.68	0.5
-139.76	0.5
-139.83	0.5
-139.90	0.5
-139.97	0.5
-140.04	0.5
-140.10	0.5
-140.17	0.5
-140.24	0.5
-140.32	0.5
-140.40	0.6
-140.48	0.5
-140.56	0.5
-140.64	0.5
-140.72	0.5
-140.81	0.5
-140.90	0.5
-140.99	0.5
-141.08	0.5
-141.17	0.5
-141.24	0.5
-141.31	0.5
-141.36	0.5
-141.40	0.5
-141.45	0.5
-141.50	0.5
-141.56	0.5
-141.62	0.5
-141.70	0.5
-141.78	0.5
-141.86	0.5
-141.95	0.5
-142.03	0.5
-142.12	0.5
-142.19	0.5
-142.26	0.5
-142.31	0.5
-142.36	0.5
-142.39	0.5
-142.41	0.5
-142.43	0.5
-142.44	0.5
-142.46	0.5
-142.48	0.5
-142.51	0.5
-142.55	0.5
-142.59	0.5
-142.65	0.5
-142.71	0.5
-142.77	0.6
-142.83	0.6
-142.88	0.6
-142.94	0.6
-142.98	0.6
-143.02	0.6
-143.06	0.6
-143.10	0.5
-143.13	0.5
-143.16	0.5
-143.20	0.5
-143.23	0.5
-143.27	0.5
-143.32	0.5
-143.36	0.5
-143.41	0.5
-143.45	0.5
-143.50	0.5
-143.55	0.5
-143.61	0.5
-143.67	0.5
-143.75	0.5
-143.83	0.5
-143.91	0.5
-144.00	0.5
-144.09	0.6
-144.17	0.6
-144.25	0.6
-144.32	0.6
-144.40	0.6
-144.46	0.5
-144.53	0.5
-144.60	0.5
-144.67	0.5
-144.74	0.5
-144.80	0.5
-144.87	0.5
-144.94	0.5
-145.00	0.5
-145.06	0.5
-145.11	0.5
-145.15	0.5
-145.19	0.5
-145.23	0.5
-145.26	0.5
-145.30	0.5
-145.34	0.5
-145.38	0.6
-145.43	0.6
-145.47	0.6
-145.52	0.6
-145.58	0.6
-145.63	0.6
-145.68	0.5
-145.73	0.5
-145.78	0.5
-145.83	0.5
-145.89	0.5
-145.94	0.5
-146.00	0.5
-146.05	0.5
-146.11	0.5
-146.18	0.5
-146.24	0.5
-146.31	0.5
-146.39	0.5
-146.48	0.5
-146.58	0.5
-146.68	0.5
-146.79	0.6
-146.89	0.6
-147.00	0.6
-147.10	0.5
-147.20	0.5
-147.30	0.5
-147.40	0.5
-147.49	0.5
-147.58	0.5
-147.68	0.5
-147.78	0.5
-147.90	0.5
-148.02	0.5
-148.14	0.5
-148.25	0.5
-148.34	0.5
-148.42	0.5
-148.48	0.5
-148.53	0.5
-148.58	0.5
-148.63	0.5
-148.68	0.5
-148.74	0.5
-148.81	0.5
-148.89	0.5
-148.98	0.5
-149.08	0.5
-149.18	0.5
-149.27	0.5
-149.34	0.5
-149.41	0.5
-149.47	0.5
-149.52	0.5
-149.56	0.5
-149.59	0.5
-149.61	0.5
-149.62	0.5
-149.62	0.5
-149.62	0.5
-149.62	0.5
-149.63	0.5
-149.67	0.5
-149.71	0.5
-149.76	0.5
-149.79	0.5
-149.81	0.5
-149.83	0.5
-149.85	0.5
-149.87	0.5
-149.89	0.5
-149.91	0.5
-149.92	0.5
-149.92	0.5
-149.92	0.5
-149.92	0.5
-149.92	0.5
-149.92	0.5
-149.92	0.5
-149.92	0.5
-149.92	0.5
-149.92	0.5
-149.92	0.5
-149.92	0.5
-149.92	0.5
-149.92	0.5
-149.92	0.5
-149.92	0.5
-149.92	0.5
-149.92	0.5
-149.92	0.5
-149.92	0.5
-149.92	0.5
-149.92	0.5
-149.92	0.5
-149.92	0.5
-149.92	0.5
-149.92	0.5
-149.92	0.5
-149.92	0.5
-149.92	0.5
-149.92	0.5
-149.92	0.5
-149.92	0.5
-149.92	0.5
-149.92	0.5
-149.92	0.5
-149.92	0.5
-149.92	0.5
-149.92	0.5
-149.92	0.5
-149.92	0.5
-149.92	0.5
-149.92	0.5
-149.92	0.5
-149.92	0.5
-149.92	0.5
-149.92	0.5
-149.92	0.5
-149.92	0.5
-149.92	0.5
-149.92	0.5
-149.92	0.5
-149.92	0.5
-149.92	0.5
-149.92	0.5
-149.92	0.5
-149.92	0.5
-149.92	0.5
-149.92	0.5
-149.92	0.5
-149.92	0.5
-149.92	0.5
-149.92	0.5
-149.92	0.5
-149.92	0.5
-149.92	0.5
-149.92	0.5
-149.92	0.5
-149.92	0.5
-149.92	0.5
-149.92	0.5
-149.92	0.5
-149.92	0.5
-149.92	0.5
-149.92	0.5
-149.92	0.5
-149.92	0.5
-149.92	0.5
-149.92	0.5
-149.92	0.5
-149.92	0.5
-149.92	0.5
-149.92	0.5
-149.92	0.5
-149.92	0.5
-149.92	0.5
-149.92	0.5
-149.92	0.5
-149.92	0.5
-149.92	0.5
-149.92	0.5
-149.92	0.5
-149.92	0.5
-149.92	0.5
-149.92	0.5
-149.92	0.5
-149.92	0.5
-149.92	0.5
-149.92	0.5
-149.92	0.5
-149.92	0.5
-149.92	0.5
-149.92	0.5
-149.92	0.5
-149.92	0.5
-149.92	0.5
-149.92	0.5
-149.92	0.5
-149.92	0.5
-149.92	0.5
-149.92	0.5
-149.92	0.5
-149.92	0.5
-149.92	0.5
-149.92	0.5
-149.92	0.5
-149.92	0.5
-149.92	0.5
-149.92	0.5
-149.92	0.5
-149.92	0.5
-149.92	0.5
-149.92	0.5
-149.92	0.5
-149.92	0.5
-149.92	0.5
-149.92	0.5
-149.92	0.5
-149.92	0.5
-149.92	0.5
-149.92	0.5
-149.92	0.5
-149.92	0.5
-149.92	0.5
-149.92	0.5
-149.92	0.5
-149.92	0.5
-149.92	0.5
-149.92	0.5
-149.92	0.5
-149.92	0.5
-149.92	0.5
-149.92	0.5
-149.92	0.5
-149.92	0.5
-149.92	0.5
-149.92	0.5
-149.92	0.5
-149.92	0.5
-149.92	0.5
-149.92	0.5
-149.92	0.5
-149.92	0.5
-149.92	0.5
-149.92	0.5
-149.92	0.5
-149.92	0.5
-149.92	0.5
-149.92	0.5
-149.92	0.5
-149.92	0.5
-149.92	0.5
-149.92	0.5
-149.92	0.5
-149.92	0.5
-149.92	0.5
-149.92	0.5
-149.92	0.5
-149.92	0.5
-149.92	0.5
-149.92	0.5
-149.92	0.5
-149.92	0.5
-149.92	0.5
-149.92	0.5
-149.92	0.5
-149.92	0.5
-149.92	0.5
-149.92	0.5
-149.92	0.5
-149.92	0.5
-149.92	0.5
-149.92	0.5
-149.92	0.5
-149.92	0.5
-149.92	0.5
-149.92	0.5
-149.92	0.5
-149.92	0.5
-149.92	0.5
-149.92	0.5
-149.92	0.5
-149.92	0.5
-149.92	0.5
-149.92	0.5
-149.92	0.5
-149.92	0.5
-149.92	0.5
-149.92	0.5
